0.0014684 0.7414929 0.2570387
0.0000994 0.7539061 0.2459945
0.0000991 0.7764623 0.2234386
0.0000995 0.7112530 0.2886475
0.0000991 0.7980157 0.2018852
0.0000992 0.7899278 0.2099730
0.0000989 0.7975933 0.2023078
0.0000990 0.8108224 0.1890785
0.0000994 0.8174839 0.1824168
0.0000996 0.8148845 0.1850159
0.0000998 0.8311750 0.1687252
0.0000996 0.8501424 0.1497580
0.0000992 0.8113721 0.1885287
0.0000996 0.8152024 0.1846979
0.0000997 0.7011874 0.2987129
0.0000995 0.7155901 0.2843104
0.5536923 0.4462081 0.0000996
0.4654043 0.5344961 0.0000996
0.4446879 0.5552126 0.0000996
0.4883745 0.5115259 0.0000996
0.5322196 0.4676807 0.0000996
0.4247325 0.5751680 0.0000996
0.4920118 0.5078886 0.0000996
0.4879867 0.5119138 0.0000996
0.0000994 0.2621388 0.7377619
0.0067084 0.2401328 0.7531587
0.0000998 0.2772482 0.7226520
0.0107443 0.2259242 0.7633315
0.0000997 0.2094750 0.7904253
0.0000991 0.1575549 0.8423460
0.0000984 0.1931374 0.8067641
0.0000995 0.1853739 0.8145266
0.0000992 0.2153768 0.7845240
0.0635917 0.2591203 0.6772880
0.0609076 0.1971326 0.7419598
0.0000990 0.2415176 0.7583835
0.0108910 0.2265786 0.7625304
0.0076164 0.2188951 0.7734885
0.0000998 0.2589066 0.7409936
0.0011581 0.2390071 0.7598347
0.1157678 0.3054778 0.5787544
0.0740914 0.2060184 0.7198901
0.0182125 0.1482040 0.8335835
0.1208977 0.2532770 0.6258253
0.0938725 0.3207225 0.5854050
0.0217927 0.2512035 0.7270038
0.0807279 0.2087465 0.7105255
0.0211922 0.0296327 0.9491751
0.4626839 0.0763390 0.4609772
0.1821495 0.1726882 0.6451623
0.2589250 0.1337739 0.6073011
0.3001157 0.1542872 0.5455971
0.2234029 0.0985302 0.6780668
0.1868646 0.1976464 0.6154889
0.1774338 0.0885402 0.7340260
0.3005565 0.1339500 0.5654936
0.2945676 0.0403043 0.6651281
0.2584547 0.1051195 0.6364258
0.0134243 0.0666795 0.9198962
0.2128946 0.1217325 0.6653729
0.0000998 0.0601715 0.9397287
0.0073132 0.0036385 0.9890483
0.0120060 0.0020105 0.9859835
0.1242381 0.1222669 0.7534949
0.1476530 0.0480940 0.8042530
0.1075093 0.1401173 0.7523735
0.2068632 0.0290933 0.7640435
0.0187875 0.0343170 0.9468955
0.1725601 0.0001001 0.8273398
0.0344715 0.1965628 0.7689657
0.2154020 0.0414211 0.7431769
0.3616274 0.0605769 0.5777956
0.3335421 0.0706613 0.5957966
0.2171292 0.1976081 0.5852627
0.2313172 0.1102804 0.6584024
0.2130963 0.1465418 0.6403619
0.2856972 0.1243675 0.5899353
0.4037247 0.0420736 0.5542017
0.2876191 0.1335095 0.5788714
0.7286309 0.0001002 0.2712689
0.7459071 0.0001004 0.2539926
0.2578872 0.0261752 0.7159376
0.2993633 0.0755209 0.6251158
0.2044228 0.0950935 0.7004837
0.4604449 0.0001001 0.5394550
0.3380138 0.0377127 0.6242735
0.9804377 0.0001002 0.0194621
0.3239380 0.0402933 0.6357687
0.5140571 0.0001000 0.4858429
0.3731093 0.0001006 0.6267901
0.3794297 0.0001006 0.6204697
0.2606205 0.0770096 0.6623699
0.7630089 0.0494026 0.1875885
0.3069176 0.0284627 0.6646197
0.8552290 0.0001003 0.1446707
