0.8842025 0.1452155 0.1030283 0.1307187 0.1085164 0.1023427 0.1038084 0.1121759 0.1055181 0.1026301 0.1046337 0.1124321 0.1004337 0.0991108 0.0925198 0.0948372 -0.0141995 0.0076863 0.0093802 0.0026334 0.0004900 0.0252324 0.0034935 0.0068906 0.0189497 0.0131900 0.0180712 0.0039501 0.0071242 0.0022227 0.0158213 0.0044708 0.0131056 0.0140275 0.0011638 0.0181130 0.0093283 0.0087027 0.0165381 0.0108155 0.0033979 -0.0027624 -0.0040021 -0.0016863 0.0143293 0.0100424 -0.0003110 -0.0197245 -0.0645272 -0.0179386 -0.0337249 -0.0373476 -0.0363396 -0.0165354 -0.0331079 -0.0371497 -0.0520129 -0.0411887 -0.0139286 -0.0298485 -0.0113438 -0.0263756 -0.0276190 -0.0143412 -0.0382464 -0.0137678 -0.0446840 -0.0195217 -0.0478940 0.0011271 -0.0408620 -0.0571357 -0.0531690 -0.0179883 -0.0364307 -0.0297555 -0.0351767 -0.0622149 -0.0388455 -0.1168095 -0.1230377 -0.0514479 -0.0469352 -0.0332402 -0.0810150 -0.0599915 -0.1516639 -0.0541007 -0.0841606 -0.0848053 -0.0854725 -0.0414037 -0.1054070 -0.0529622 -0.1415027
0.1452155 0.8851624 0.1047385 0.1406940 0.1102662 0.1095693 0.1101403 0.1143351 0.1084316 0.1064176 0.1107273 0.1135950 0.1082881 0.1035864 0.0943126 0.1000480 -0.0214591 0.0089758 0.0120878 0.0046068 -0.0074183 0.0212908 0.0040943 -0.0016923 0.0197828 0.0139878 0.0203944 0.0064436 0.0092451 0.0051786 0.0166949 0.0086508 0.0123902 0.0155225 0.0011664 0.0192778 0.0088679 0.0125698 0.0197663 0.0152825 0.0060758 -0.0023665 -0.0038052 0.0014674 0.0125040 0.0117651 -0.0063023 -0.0236552 -0.0683334 -0.0139582 -0.0356990 -0.0396570 -0.0383281 -0.0187746 -0.0330864 -0.0390496 -0.0564411 -0.0413554 -0.0135778 -0.0301238 -0.0143603 -0.0250134 -0.0260185 -0.0151984 -0.0345363 -0.0144466 -0.0417376 -0.0222832 -0.0505345 0.0017521 -0.0430435 -0.0601541 -0.0547111 -0.0214420 -0.0372957 -0.0251006 -0.0398412 -0.0667374 -0.0383673 -0.1253976 -0.1293598 -0.0533342 -0.0498052 -0.0380221 -0.0883981 -0.0602603 -0.1580634 -0.0522869 -0.0901178 -0.0889507 -0.0907445 -0.0417533 -0.1126197 -0.0523012 -0.1455645
0.1030283 0.1047385 0.8836958 0.1016740 0.1574321 0.1489294 0.1685682 0.1583009 0.1118170 0.1110573 0.1143786 0.1157157 0.1119852 0.1079621 0.1005597 0.1031504 -0.0150104 0.0041087 0.0139251 -0.0010837 -0.0041725 0.0222081 0.0026502 -0.0009353 0.0178035 0.0128984 0.0230186 0.0108947 0.0089267 0.0079768 0.0200545 0.0067295 0.0165486 0.0166024 0.0040935 0.0242610 0.0144321 0.0087305 0.0188584 0.0175208 0.0101723 0.0015797 -0.0050710 -0.0019169 0.0170497 0.0170729 -0.0027878 -0.0235019 -0.0748828 -0.0206326 -0.0326220 -0.0428000 -0.0378702 -0.0202811 -0.0357582 -0.0406534 -0.0549583 -0.0448410 -0.0184249 -0.0329291 -0.0137952 -0.0287759 -0.0283343 -0.0221461 -0.0421883 -0.0213913 -0.0467529 -0.0230277 -0.0530847 -0.0022518 -0.0455817 -0.0605102 -0.0575081 -0.0199219 -0.0351525 -0.0306718 -0.0414124 -0.0708018 -0.0407405 -0.1328010 -0.1419253 -0.0548674 -0.0493223 -0.0390965 -0.0917901 -0.0610201 -0.1633777 -0.0647811 -0.0947993 -0.0906119 -0.0924710 -0.0461268 -0.1206408 -0.0567621 -0.1555062
0.1307187 0.1406940 0.1016740 0.8947956 0.1031803 0.1029418 0.1003978 0.1091293 0.1037819 0.0973705 0.1046555 0.1055295 0.0974720 0.0980518 0.0901645 0.0945730 -0.0188093 0.0026747 0.0093746 -0.0025147 -0.0095636 0.0175425 0.0010751 0.0009439 0.0215270 0.0130410 0.0220773 0.0118128 0.0113936 0.0069954 0.0182003 0.0085967 0.0164347 0.0156934 0.0037856 0.0194877 0.0112970 0.0148996 0.0194281 0.0150728 0.0072937 0.0016266 0.0033566 0.0021622 0.0173192 0.0139042 -0.0023999 -0.0180199 -0.0653643 -0.0141587 -0.0294426 -0.0389357 -0.0350357 -0.0170980 -0.0284820 -0.0386932 -0.0504527 -0.0369842 -0.0107269 -0.0252835 -0.0122224 -0.0244488 -0.0238397 -0.0131802 -0.0316009 -0.0151596 -0.0449368 -0.0162800 -0.0475670 0.0051871 -0.0407612 -0.0546421 -0.0544155 -0.0175352 -0.0337302 -0.0268046 -0.0367218 -0.0625012 -0.0364983 -0.1230264 -0.1274616 -0.0507787 -0.0424522 -0.0315938 -0.0851289 -0.0601740 -0.1572321 -0.0534135 -0.0879289 -0.0837919 -0.0836057 -0.0392484 -0.1114718 -0.0510567 -0.1429172
0.1085164 0.1102662 0.1574321 0.1031803 0.9007008 0.1687827 0.1717119 0.1691745 0.1164832 0.1134336 0.1174816 0.1209242 0.1141710 0.1120540 0.0999976 0.1070857 -0.0171793 0.0121641 0.0144676 0.0056259 -0.0004426 0.0278110 0.0086990 0.0045211 0.0221244 0.0124538 0.0233372 0.0068798 0.0080786 0.0046719 0.0191471 0.0065292 0.0140517 0.0161088 -0.0016167 0.0226805 0.0092344 0.0098545 0.0213796 0.0133799 0.0133537 -0.0000273 -0.0071942 -0.0001886 0.0168067 0.0126043 -0.0026777 -0.0283454 -0.0717483 -0.0190574 -0.0375552 -0.0395564 -0.0419921 -0.0194639 -0.0371026 -0.0428602 -0.0577420 -0.0459488 -0.0188541 -0.0394616 -0.0152436 -0.0269070 -0.0296199 -0.0216179 -0.0375197 -0.0174020 -0.0485193 -0.0282016 -0.0541349 0.0027103 -0.0472623 -0.0645771 -0.0617923 -0.0195704 -0.0364018 -0.0311441 -0.0433771 -0.0728235 -0.0417023 -0.1345522 -0.1443332 -0.0565208 -0.0535931 -0.0405951 -0.0912822 -0.0623644 -0.1637378 -0.0627527 -0.0942633 -0.0929551 -0.0943711 -0.0453418 -0.1194849 -0.0625102 -0.1533222
0.1023427 0.1095693 0.1489294 0.1029418 0.1687827 0.8897551 0.1637235 0.1614490 0.1140944 0.1112521 0.1152027 0.1205243 0.1102756 0.1098312 0.0993073 0.1061617 -0.0158504 0.0066206 0.0138236 0.0029592 -0.0033204 0.0238218 0.0055901 0.0024195 0.0231958 0.0163293 0.0228409 0.0079152 0.0109232 0.0077567 0.0149983 0.0059256 0.0179143 0.0158185 -0.0026538 0.0199023 0.0055382 0.0060987 0.0137067 0.0139262 0.0110810 -0.0003636 -0.0032835 -0.0017260 0.0166640 0.0123644 -0.0022406 -0.0288968 -0.0720607 -0.0214540 -0.0405416 -0.0392320 -0.0411678 -0.0188138 -0.0385226 -0.0391480 -0.0623876 -0.0460072 -0.0202421 -0.0369086 -0.0145465 -0.0297323 -0.0307176 -0.0179291 -0.0389656 -0.0163234 -0.0483969 -0.0277220 -0.0503365 0.0016963 -0.0491942 -0.0643074 -0.0600673 -0.0199953 -0.0362624 -0.0301332 -0.0405702 -0.0740600 -0.0398638 -0.1306045 -0.1421250 -0.0548293 -0.0490834 -0.0380076 -0.0919489 -0.0579137 -0.1616668 -0.0632595 -0.0921298 -0.0949192 -0.0960372 -0.0446966 -0.1165077 -0.0625001 -0.1501711
0.1038084 0.1101403 0.1685682 0.1003978 0.1717119 0.1637235 0.8808374 0.1760954 0.1149251 0.1135555 0.1168780 0.1218430 0.1117457 0.1136207 0.0973586 0.1074441 -0.0232018 0.0049950 0.0131387 0.0037724 -0.0069507 0.0208904 0.0030088 -0.0051683 0.0209247 0.0144555 0.0222907 0.0093427 0.0089159 0.0088684 0.0186984 0.0077974 0.0170475 0.0171559 0.0019579 0.0227338 0.0068923 0.0103232 0.0197474 0.0192448 0.0113216 -0.0018277 -0.0047398 -0.0019562 0.0137218 0.0115248 -0.0036514 -0.0271831 -0.0737468 -0.0197427 -0.0377452 -0.0428726 -0.0419834 -0.0199111 -0.0395318 -0.0419130 -0.0565560 -0.0472204 -0.0206865 -0.0424799 -0.0168039 -0.0277023 -0.0293336 -0.0188006 -0.0366448 -0.0154323 -0.0467512 -0.0263725 -0.0540994 0.0037050 -0.0480249 -0.0651887 -0.0616779 -0.0209156 -0.0363193 -0.0291479 -0.0439883 -0.0717028 -0.0424607 -0.1356297 -0.1445002 -0.0557563 -0.0498257 -0.0418378 -0.0931158 -0.0622547 -0.1711948 -0.0657481 -0.0964728 -0.0927530 -0.0943503 -0.0473417 -0.1239821 -0.0648028 -0.1603435
0.1121759 0.1143351 0.1583009 0.1091293 0.1691745 0.1614490 0.1760954 0.8990305 0.1210036 0.1156601 0.1216860 0.1289637 0.1149891 0.1176289 0.1046040 0.1085141 -0.0159895 0.0073281 0.0192199 0.0052489 -0.0014563 0.0285720 0.0087770 -0.0010416 0.0203062 0.0160491 0.0207878 0.0075202 0.0071947 0.0037634 0.0165480 0.0067025 0.0168414 0.0162338 -0.0003907 0.0227764 0.0082663 0.0101664 0.0193785 0.0159440 0.0121789 -0.0026345 -0.0052535 -0.0002705 0.0128460 0.0145255 -0.0051844 -0.0276964 -0.0745521 -0.0195754 -0.0410025 -0.0373910 -0.0436629 -0.0192151 -0.0372389 -0.0431917 -0.0601303 -0.0506470 -0.0242289 -0.0385899 -0.0164996 -0.0312558 -0.0327918 -0.0236882 -0.0412144 -0.0174453 -0.0514299 -0.0276795 -0.0538955 0.0009833 -0.0489192 -0.0639869 -0.0621935 -0.0180821 -0.0394214 -0.0302156 -0.0427689 -0.0746824 -0.0422612 -0.1352805 -0.1439652 -0.0592377 -0.0505399 -0.0407046 -0.0906984 -0.0635791 -0.1674798 -0.0609940 -0.0973232 -0.0950457 -0.0972784 -0.0469148 -0.1223720 -0.0614292 -0.1544630
0.1055181 0.1084316 0.1118170 0.1037819 0.1164832 0.1140944 0.1149251 0.1210036 0.9057351 0.1567310 0.1690075 0.1635096 0.1590631 0.1531417 0.1074435 0.1149657 -0.0142113 0.0125983 0.0182779 0.0140116 0.0008011 0.0281936 0.0135059 0.0067681 0.0206175 0.0088068 0.0204012 0.0083990 0.0079440 0.0038753 0.0139066 0.0061254 0.0140913 0.0145439 -0.0037443 0.0190647 0.0073860 0.0072274 0.0142244 0.0118826 0.0092061 -0.0091173 -0.0097209 0.0045409 0.0186541 0.0120244 -0.0004897 -0.0286044 -0.0719337 -0.0210297 -0.0350762 -0.0471964 -0.0436706 -0.0203050 -0.0327112 -0.0405090 -0.0608713 -0.0431078 -0.0239886 -0.0358871 -0.0207958 -0.0327204 -0.0324716 -0.0220886 -0.0415912 -0.0166027 -0.0491749 -0.0276216 -0.0545983 0.0017575 -0.0479688 -0.0637342 -0.0545517 -0.0228753 -0.0400042 -0.0331364 -0.0492222 -0.0719645 -0.0410901 -0.1312342 -0.1349296 -0.0562974 -0.0571122 -0.0384784 -0.0950342 -0.0648343 -0.1571564 -0.0594329 -0.0955728 -0.1011738 -0.1015488 -0.0443712 -0.1204733 -0.0602539 -0.1522231
0.1026301 0.1064176 0.1110573 0.0973705 0.1134336 0.1112521 0.1135555 0.1156601 0.1567310 0.8985640 0.1539027 0.1587678 0.1701686 0.1524051 0.1001811 0.1086821 -0.0131592 0.0131424 0.0163386 0.0150514 0.0028425 0.0283137 0.0136056 0.0098633 0.0169416 0.0100271 0.0171389 0.0087376 0.0065761 0.0007427 0.0106019 0.0035818 0.0128030 0.0132865 -0.0013850 0.0194208 0.0032123 0.0056639 0.0166390 0.0133895 0.0063048 -0.0062336 -0.0085447 0.0040492 0.0156687 0.0086186 -0.0037467 -0.0276516 -0.0730499 -0.0188500 -0.0360384 -0.0384729 -0.0417648 -0.0161971 -0.0381151 -0.0385762 -0.0585932 -0.0454964 -0.0238659 -0.0367164 -0.0201969 -0.0335751 -0.0353096 -0.0238816 -0.0384200 -0.0177819 -0.0498075 -0.0269274 -0.0548009 -0.0034973 -0.0507019 -0.0611661 -0.0546239 -0.0227467 -0.0405056 -0.0320922 -0.0446788 -0.0701688 -0.0403239 -0.1253231 -0.1349445 -0.0560757 -0.0519658 -0.0378198 -0.0935352 -0.0607071 -0.1524304 -0.0620038 -0.0923510 -0.0963575 -0.0967654 -0.0453695 -0.1134548 -0.0615216 -0.1447112
0.1046337 0.1107273 0.1143786 0.1046555 0.1174816 0.1152027 0.1168780 0.1216860 0.1690075 0.1539027 0.9292960 0.1748925 0.1596701 0.1567778 0.1089174 0.1121931 -0.0048086 0.0204704 0.0297525 0.0193430 0.0114418 0.0365773 0.0208109 0.0134344 0.0156363 0.0067624 0.0159355 0.0068983 0.0073559 -0.0010514 0.0112063 -0.0007025 0.0096820 0.0120362 -0.0041995 0.0183359 0.0064493 0.0049157 0.0146196 0.0094584 0.0095922 -0.0056473 -0.0090654 0.0023532 0.0168632 0.0102611 -0.0053372 -0.0325848 -0.0704257 -0.0227120 -0.0336418 -0.0430231 -0.0424713 -0.0209586 -0.0370631 -0.0413920 -0.0609827 -0.0428571 -0.0226494 -0.0330375 -0.0241589 -0.0381727 -0.0384287 -0.0242036 -0.0442914 -0.0204586 -0.0513914 -0.0312118 -0.0591547 -0.0064214 -0.0515561 -0.0639394 -0.0561124 -0.0220515 -0.0380259 -0.0337855 -0.0456217 -0.0695152 -0.0432755 -0.1252224 -0.1330781 -0.0597564 -0.0512187 -0.0404712 -0.0955571 -0.0662926 -0.1490282 -0.0611359 -0.0960728 -0.0973678 -0.0976463 -0.0433684 -0.1145530 -0.0589939 -0.1457407
0.1124321 0.1135950 0.1157157 0.1055295 0.1209242 0.1205243 0.1218430 0.1289637 0.1635096 0.1587678 0.1748925 0.9184330 0.1654961 0.1601242 0.1048394 0.1177895 -0.0098393 0.0198207 0.0242659 0.0170342 0.0053633 0.0366327 0.0189365 0.0102736 0.0151935 0.0057892 0.0175763 0.0054869 0.0044470 -0.0019796 0.0098158 0.0009446 0.0107946 0.0126638 -0.0000780 0.0205565 0.0066871 0.0028080 0.0145179 0.0086786 0.0098436 -0.0073737 -0.0063123 0.0005618 0.0179844 0.0075538 -0.0030963 -0.0337981 -0.0765943 -0.0238968 -0.0371681 -0.0429367 -0.0417933 -0.0181343 -0.0381542 -0.0439966 -0.0616062 -0.0405436 -0.0255468 -0.0388866 -0.0260897 -0.0384110 -0.0386196 -0.0259643 -0.0430396 -0.0209149 -0.0496849 -0.0321428 -0.0584263 -0.0019113 -0.0491135 -0.0659781 -0.0576507 -0.0276839 -0.0441416 -0.0322373 -0.0472617 -0.0748742 -0.0415676 -0.1265783 -0.1355999 -0.0603767 -0.0541211 -0.0441444 -0.0993611 -0.0659098 -0.1503827 -0.0643601 -0.0956789 -0.1006528 -0.1010704 -0.0492454 -0.1134657 -0.0653922 -0.1497824
0.1004337 0.1082881 0.1119852 0.0974720 0.1141710 0.1102756 0.1117457 0.1149891 0.1590631 0.1701686 0.1596701 0.1654961 0.9004601 0.1601344 0.1037138 0.1094850 -0.0203504 0.0116467 0.0160222 0.0091931 -0.0023228 0.0274172 0.0104913 0.0037349 0.0171902 0.0098380 0.0231638 0.0080643 0.0089561 0.0031853 0.0140439 0.0052445 0.0167667 0.0150422 -0.0036065 0.0202964 0.0089078 0.0107692 0.0204735 0.0118367 0.0067715 -0.0063179 -0.0050339 0.0069264 0.0157510 0.0107831 -0.0003586 -0.0305013 -0.0736546 -0.0188227 -0.0391837 -0.0383552 -0.0381894 -0.0229067 -0.0344497 -0.0420893 -0.0603264 -0.0434624 -0.0194234 -0.0373397 -0.0165557 -0.0326489 -0.0328807 -0.0249787 -0.0374953 -0.0162375 -0.0508558 -0.0279308 -0.0548231 -0.0001546 -0.0490633 -0.0625761 -0.0599562 -0.0211790 -0.0395789 -0.0297092 -0.0451719 -0.0703038 -0.0404605 -0.1333402 -0.1387943 -0.0595471 -0.0564371 -0.0375957 -0.0965979 -0.0651464 -0.1607113 -0.0627197 -0.0950512 -0.0983205 -0.0982484 -0.0453672 -0.1211638 -0.0597360 -0.1538704
0.0991108 0.1035864 0.1079621 0.0980518 0.1120540 0.1098312 0.1136207 0.1176289 0.1531417 0.1524051 0.1567778 0.1601242 0.1601344 0.9085808 0.1039201 0.1029941 -0.0091172 0.0154795 0.0224883 0.0104372 0.0027822 0.0319108 0.0135211 0.0102208 0.0194666 0.0043062 0.0160045 0.0077619 0.0083381 -0.0007565 0.0088704 0.0015360 0.0083875 0.0131628 -0.0021327 0.0185963 0.0082764 0.0053722 0.0146581 0.0139164 0.0075272 -0.0044638 -0.0050895 0.0025069 0.0141374 0.0110245 -0.0018712 -0.0271205 -0.0714014 -0.0213771 -0.0367959 -0.0403547 -0.0422023 -0.0217770 -0.0352697 -0.0387202 -0.0609378 -0.0432715 -0.0210572 -0.0357111 -0.0199381 -0.0350017 -0.0346919 -0.0215767 -0.0396690 -0.0201209 -0.0507084 -0.0256761 -0.0540607 -0.0039314 -0.0502466 -0.0640410 -0.0563479 -0.0209275 -0.0375536 -0.0282227 -0.0413883 -0.0690773 -0.0410833 -0.1276819 -0.1331410 -0.0599815 -0.0528185 -0.0394886 -0.0952730 -0.0633806 -0.1530750 -0.0624136 -0.0947673 -0.0949817 -0.0955594 -0.0429666 -0.1155811 -0.0530787 -0.1480760
0.0925198 0.0943126 0.1005597 0.0901645 0.0999976 0.0993073 0.0973586 0.1046040 0.1074435 0.1001811 0.1089174 0.1048394 0.1037138 0.1039201 0.8828503 0.0964946 -0.0178277 0.0031059 0.0086362 -0.0035482 -0.0078660 0.0224614 0.0007450 -0.0023709 0.0187350 0.0140215 0.0238984 0.0097934 0.0117149 0.0087712 0.0194891 0.0063032 0.0170038 0.0156755 0.0068136 0.0188073 0.0097320 0.0149877 0.0180442 0.0168399 0.0078457 0.0000112 -0.0005170 0.0042806 0.0147643 0.0168144 -0.0047262 -0.0167460 -0.0651847 -0.0158040 -0.0283885 -0.0368298 -0.0345614 -0.0127431 -0.0255413 -0.0380154 -0.0487161 -0.0316618 -0.0107032 -0.0278473 -0.0105988 -0.0222294 -0.0246898 -0.0194952 -0.0316170 -0.0150716 -0.0397009 -0.0161362 -0.0461844 0.0021626 -0.0394259 -0.0527358 -0.0490081 -0.0205572 -0.0336668 -0.0279788 -0.0398971 -0.0632650 -0.0352924 -0.1161987 -0.1241867 -0.0454683 -0.0386076 -0.0310167 -0.0805674 -0.0550685 -0.1499688 -0.0515437 -0.0832798 -0.0834114 -0.0840608 -0.0407964 -0.1062143 -0.0531402 -0.1386076
0.0948372 0.1000480 0.1031504 0.0945730 0.1070857 0.1061617 0.1074441 0.1085141 0.1149657 0.1086821 0.1121931 0.1177895 0.1094850 0.1029941 0.0964946 0.8894463 -0.0246991 0.0030340 0.0075318 0.0024668 -0.0083367 0.0194391 0.0007202 -0.0009841 0.0225999 0.0187284 0.0246608 0.0102865 0.0140897 0.0093015 0.0206865 0.0132242 0.0248389 0.0157680 0.0064756 0.0243940 0.0097327 0.0147352 0.0196044 0.0149781 0.0114844 0.0013731 0.0037398 0.0011534 0.0144724 0.0175676 0.0006918 -0.0213929 -0.0657785 -0.0174782 -0.0302968 -0.0385937 -0.0359459 -0.0137142 -0.0298808 -0.0407729 -0.0533433 -0.0344794 -0.0143279 -0.0282355 -0.0087504 -0.0235722 -0.0247365 -0.0180217 -0.0305128 -0.0113355 -0.0406513 -0.0199521 -0.0487240 0.0027637 -0.0382509 -0.0574922 -0.0501298 -0.0166462 -0.0358768 -0.0216427 -0.0391294 -0.0668707 -0.0356553 -0.1198638 -0.1290786 -0.0479371 -0.0466743 -0.0357301 -0.0824448 -0.0571751 -0.1566798 -0.0541791 -0.0864711 -0.0893185 -0.0896031 -0.0390475 -0.0919195 -0.0582038 -0.1455339
-0.0141995 -0.0214591 -0.0150104 -0.0188093 -0.0171793 -0.0158504 -0.0232018 -0.0159895 -0.0142113 -0.0131592 -0.0048086 -0.0098393 -0.0203504 -0.0091172 -0.0178277 -0.0246991 1.1834754 0.1268255 0.1324637 0.1684641 0.1767421 0.1232938 0.1513715 0.1575259 -0.0758885 -0.0727625 -0.0731865 -0.0622541 -0.0816554 -0.0901413 -0.0988416 -0.0920651 -0.0905391 -0.0524597 -0.0496132 -0.0850212 -0.0636517 -0.0705885 -0.0720488 -0.0746399 -0.0213873 -0.0435244 -0.0824766 -0.0371137 -0.0390083 -0.0592009 -0.0418409 -0.0921446 0.0677842 -0.0302231 -0.0035811 0.0211484 -0.0318630 -0.0104594 -0.0201054 0.0090778 0.0103300 -0.0074624 -0.0924497 -0.0167108 -0.0916655 -0.1007050 -0.0991645 -0.0486969 -0.0475930 -0.0483875 -0.0388148 -0.0902636 -0.0440856 -0.0681664 -0.0281964 0.0240008 0.0208846 -0.0078530 -0.0129625 -0.0213742 0.0047790 0.0231586 0.0095281 0.1319287 0.1352751 -0.0134694 0.0104727 -0.0242504 0.0525991 0.0065154 0.2226295 0.0082947 0.0694755 -0.0076848 -0.0047736 -0.0272575 0.1520405 0.0097982 0.1798999
0.0076863 0.0089758 0.0041087 0.0026747 0.0121641 0.0066206 0.0049950 0.0073281 0.0125983 0.0131424 0.0204704 0.0198207 0.0116467 0.0154795 0.0031059 0.0030340 0.1268255 1.1062741 0.1290879 0.1439536 0.1421724 0.1213414 0.1384492 0.1247847 -0.0567226 -0.0658866 -0.0572660 -0.0581961 -0.0611417 -0.0786356 -0.0797284 -0.0737563 -0.0709824 -0.0429929 -0.0546051 -0.0719496 -0.0548282 -0.0629405 -0.0595636 -0.0654114 -0.0199736 -0.0530164 -0.0627544 -0.0282617 -0.0251954 -0.0564654 -0.0454428 -0.0793030 0.0284736 -0.0309733 -0.0069734 -0.0108969 -0.0312689 -0.0121351 -0.0449683 -0.0048978 -0.0111974 -0.0083558 -0.0772986 -0.0212071 -0.0855441 -0.0922191 -0.0919134 -0.0451453 -0.0472512 -0.0507248 -0.0409418 -0.0787985 -0.0566177 -0.0584759 -0.0372837 0.0108185 0.0010477 -0.0124536 -0.0182765 -0.0061885 -0.0081253 0.0179253 0.0045767 0.0832405 0.0823655 -0.0196055 -0.0003786 -0.0259078 0.0282937 0.0073830 0.1587749 -0.0113630 0.0352373 -0.0144154 -0.0128214 -0.0159426 0.1137511 -0.0177081 0.1295491
0.0093802 0.0120878 0.0139251 0.0093746 0.0144676 0.0138236 0.0131387 0.0192199 0.0182779 0.0163386 0.0297525 0.0242659 0.0160222 0.0224883 0.0086362 0.0075318 0.1324637 0.1290879 1.1149262 0.1406974 0.1561036 0.1249086 0.1347826 0.1284244 -0.0565432 -0.0569134 -0.0501099 -0.0573621 -0.0642914 -0.0793539 -0.0764143 -0.0735979 -0.0707048 -0.0422814 -0.0577194 -0.0623547 -0.0584915 -0.0639506 -0.0602589 -0.0558531 -0.0239554 -0.0507258 -0.0693378 -0.0317231 -0.0132983 -0.0527503 -0.0493872 -0.0777517 0.0360145 -0.0249043 -0.0088697 -0.0093246 -0.0228920 -0.0141429 -0.0366042 0.0067589 -0.0209055 -0.0168438 -0.0807990 -0.0172379 -0.0876232 -0.0914052 -0.0904933 -0.0389244 -0.0515596 -0.0489327 -0.0408541 -0.0760975 -0.0619663 -0.0566841 -0.0455658 -0.0065869 -0.0033906 -0.0103845 -0.0232645 -0.0175275 -0.0062274 0.0052617 -0.0065508 0.0837880 0.0883050 -0.0329007 0.0005022 -0.0394452 0.0188598 -0.0019667 0.1511695 -0.0115724 0.0112614 -0.0171593 -0.0168266 -0.0209187 0.1059002 -0.0166469 0.1125578
0.0026334 0.0046068 -0.0010837 -0.0025147 0.0056259 0.0029592 0.0037724 0.0052489 0.0140116 0.0150514 0.0193430 0.0170342 0.0091931 0.0104372 -0.0035482 0.0024668 0.1684641 0.1439536 0.1406974 1.1811355 0.1632303 0.1508297 0.1830143 0.1426717 -0.0676402 -0.0685935 -0.0659759 -0.0665499 -0.0781503 -0.0907673 -0.0960611 -0.0856433 -0.0830312 -0.0507077 -0.0615295 -0.0764543 -0.0557200 -0.0746892 -0.0682576 -0.0735362 -0.0350409 -0.0594416 -0.0836651 -0.0372248 -0.0305395 -0.0683695 -0.0597220 -0.0821823 0.0475310 -0.0238394 -0.0023042 0.0115901 -0.0117162 -0.0172407 -0.0393365 -0.0110760 -0.0131848 -0.0043825 -0.0870248 -0.0132301 -0.0965962 -0.1033407 -0.1034117 -0.0576903 -0.0492666 -0.0572267 -0.0399354 -0.0825646 -0.0652780 -0.0607827 -0.0408330 0.0006899 0.0016295 0.0040195 -0.0115459 -0.0288579 -0.0094083 0.0140440 -0.0064559 0.1030980 0.0854539 -0.0309645 -0.0248050 -0.0263400 0.0151977 -0.0013460 0.1952109 -0.0003076 0.0511224 -0.0055352 -0.0034214 -0.0178819 0.1375722 -0.0350432 0.1534604
0.0004900 -0.0074183 -0.0041725 -0.0095636 -0.0004426 -0.0033204 -0.0069507 -0.0014563 0.0008011 0.0028425 0.0114418 0.0053633 -0.0023228 0.0027822 -0.0078660 -0.0083367 0.1767421 0.1421724 0.1561036 0.1632303 1.2148652 0.1529705 0.1723482 0.1638001 -0.0772702 -0.0711771 -0.0637332 -0.0733185 -0.0835916 -0.1018973 -0.0939336 -0.0947911 -0.0940058 -0.0551085 -0.0661994 -0.0877090 -0.0791996 -0.0763550 -0.0748326 -0.0749868 -0.0247521 -0.0602657 -0.0860558 -0.0392692 -0.0331751 -0.0678060 -0.0561201 -0.1025591 0.0615358 -0.0224952 -0.0124770 0.0220296 -0.0182006 -0.0262390 -0.0454958 0.0024210 -0.0078225 -0.0205031 -0.0995272 -0.0229871 -0.1049718 -0.1015199 -0.1025974 -0.0457314 -0.0542922 -0.0596905 -0.0427601 -0.1044447 -0.0585577 -0.0666270 -0.0321189 0.0174040 0.0104772 -0.0083944 -0.0132710 -0.0338390 0.0001634 0.0385717 -0.0049052 0.1223233 0.1256113 -0.0244681 -0.0055321 -0.0222984 0.0372853 -0.0024476 0.2276426 0.0043502 0.0663818 -0.0062899 -0.0044674 -0.0081688 0.1575241 0.0055640 0.1726264
0.0252324 0.0212908 0.0222081 0.0175425 0.0278110 0.0238218 0.0208904 0.0285720 0.0281936 0.0283137 0.0365773 0.0366327 0.0274172 0.0319108 0.0224614 0.0194391 0.1232938 0.1213414 0.1249086 0.1508297 0.1529705 1.1226772 0.1520948 0.1426201 -0.0632702 -0.0542400 -0.0542852 -0.0510106 -0.0680368 -0.0820831 -0.0796523 -0.0728655 -0.0725808 -0.0424070 -0.0540028 -0.0657367 -0.0583476 -0.0593176 -0.0637503 -0.0575891 -0.0258042 -0.0565670 -0.0699774 -0.0309670 -0.0242519 -0.0589257 -0.0526676 -0.0821665 0.0302353 -0.0325987 -0.0062152 0.0043672 -0.0137109 -0.0212395 -0.0439836 -0.0109424 -0.0275686 -0.0107030 -0.0737850 -0.0173322 -0.0947971 -0.0905016 -0.0902203 -0.0498576 -0.0635743 -0.0566919 -0.0494977 -0.0809774 -0.0652512 -0.0560602 -0.0515922 -0.0054032 -0.0086082 -0.0106176 -0.0246446 -0.0249520 -0.0082978 0.0186696 0.0115212 0.0710845 0.0608144 -0.0373289 -0.0240852 -0.0252652 0.0054636 -0.0068637 0.1415924 -0.0142641 0.0195223 -0.0192653 -0.0166871 -0.0244974 0.1004735 -0.0271786 0.1085345
0.0034935 0.0040943 0.0026502 0.0010751 0.0086990 0.0055901 0.0030088 0.0087770 0.0135059 0.0136056 0.0208109 0.0189365 0.0104913 0.0135211 0.0007450 0.0007202 0.1513715 0.1384492 0.1347826 0.1830143 0.1723482 0.1520948 1.1651090 0.1521947 -0.0688613 -0.0715613 -0.0680580 -0.0701595 -0.0776376 -0.0924481 -0.0863151 -0.0828645 -0.0825532 -0.0498206 -0.0608801 -0.0837931 -0.0701513 -0.0736401 -0.0733874 -0.0714457 -0.0226099 -0.0553218 -0.0788559 -0.0327746 -0.0338265 -0.0626272 -0.0570997 -0.0886525 0.0397993 -0.0239510 -0.0014719 0.0127976 -0.0213073 -0.0177236 -0.0428786 0.0009488 -0.0205156 0.0031566 -0.0827639 -0.0153321 -0.1020768 -0.1004414 -0.0986446 -0.0585157 -0.0582863 -0.0519050 -0.0469421 -0.0887155 -0.0608211 -0.0630113 -0.0465309 0.0075082 -0.0030201 -0.0001084 -0.0222415 -0.0295202 -0.0034231 0.0149229 0.0044611 0.1134652 0.0979650 -0.0253415 -0.0117255 -0.0199731 0.0310422 0.0024053 0.1898881 0.0093782 0.0538086 -0.0123026 -0.0104767 -0.0209222 0.1355586 -0.0148747 0.1583001
0.0068906 -0.0016923 -0.0009353 0.0009439 0.0045211 0.0024195 -0.0051683 -0.0010416 0.0067681 0.0098633 0.0134344 0.0102736 0.0037349 0.0102208 -0.0023709 -0.0009841 0.1575259 0.1247847 0.1284244 0.1426717 0.1638001 0.1426201 0.1521947 1.1352862 -0.0613977 -0.0532833 -0.0630410 -0.0557793 -0.0701925 -0.0836684 -0.0835869 -0.0713779 -0.0790077 -0.0457684 -0.0613558 -0.0717133 -0.0575208 -0.0614460 -0.0611442 -0.0666371 -0.0207951 -0.0520413 -0.0744196 -0.0324915 -0.0241873 -0.0554212 -0.0442476 -0.0882575 0.0334674 -0.0272878 -0.0007111 0.0163160 -0.0247139 -0.0180022 -0.0271000 -0.0039979 -0.0108762 -0.0087933 -0.0820062 -0.0282859 -0.0873464 -0.0903730 -0.0898107 -0.0539832 -0.0532560 -0.0573943 -0.0409649 -0.0877173 -0.0491565 -0.0523631 -0.0330450 0.0152499 0.0077030 -0.0126339 -0.0194997 -0.0167502 0.0026390 0.0236784 -0.0071958 0.0932840 0.0806271 -0.0296768 -0.0079572 -0.0286692 0.0331582 -0.0059661 0.1749013 -0.0105769 0.0328111 -0.0022224 -0.0007592 -0.0229278 0.1201513 -0.0123060 0.1352904
0.0189497 0.0197828 0.0178035 0.0215270 0.0221244 0.0231958 0.0209247 0.0203062 0.0206175 0.0169416 0.0156363 0.0151935 0.0171902 0.0194666 0.0187350 0.0225999 -0.0758885 -0.0567226 -0.0565432 -0.0676402 -0.0772702 -0.0632702 -0.0688613 -0.0613977 0.8496206 0.0314578 0.0359215 0.0516348 0.0664480 0.0808377 0.0812297 0.0591287 0.0393142 0.0267056 0.0227644 0.0402169 0.0281497 0.0291875 0.0251575 0.0356253 0.0065327 0.0144425 0.0298371 0.0105081 0.0168606 0.0281093 0.0122885 0.0192565 -0.0515193 -0.0078594 -0.0195825 -0.0211963 -0.0171245 -0.0044682 -0.0092350 -0.0143090 -0.0180407 -0.0174984 0.0237706 -0.0084024 0.0234575 0.0188518 0.0191909 0.0114663 0.0063847 0.0140111 -0.0028871 0.0201838 0.0063701 0.0255454 -0.0037577 -0.0300434 -0.0303456 -0.0110954 -0.0116747 -0.0016618 -0.0214676 -0.0359704 -0.0259498 -0.0878737 -0.1023124 -0.0126602 -0.0122726 -0.0019680 -0.0545645 -0.0296410 -0.1430620 -0.0203033 -0.0537985 -0.0381856 -0.0391208 -0.0101848 -0.1068069 -0.0199273 -0.1263443
0.0131900 0.0139878 0.0128984 0.0130410 0.0124538 0.0163293 0.0144555 0.0160491 0.0088068 0.0100271 0.0067624 0.0057892 0.0098380 0.0043062 0.0140215 0.0187284 -0.0727625 -0.0658866 -0.0569134 -0.0685935 -0.0711771 -0.0542400 -0.0715613 -0.0532833 0.0314578 0.8679835 0.0713209 0.0238625 0.0438513 0.0352560 0.0431106 0.0354807 0.0372638 0.0248918 0.0169489 0.0385487 0.0223085 0.0257725 0.0274780 0.0337711 0.0049582 0.0186525 0.0226611 0.0041851 0.0068802 0.0278589 0.0152553 0.0188576 -0.0413791 0.0033709 -0.0106630 -0.0194764 0.0004205 0.0045836 0.0091239 -0.0208781 -0.0130578 -0.0099036 0.0263405 -0.0027819 0.0395844 0.0298865 0.0288486 0.0098557 0.0077432 0.0115535 -0.0057148 0.0183840 0.0018096 0.0208381 -0.0063217 -0.0282305 -0.0168840 -0.0043439 -0.0026248 -0.0077953 -0.0147548 -0.0357772 -0.0145631 -0.0738768 -0.0832592 -0.0028937 -0.0159477 0.0024291 -0.0376221 -0.0135880 -0.1416459 -0.0171847 -0.0513745 -0.0305576 -0.0302076 -0.0044352 -0.0891528 -0.0202041 -0.1077724
0.0180712 0.0203944 0.0230186 0.0220773 0.0233372 0.0228409 0.0222907 0.0207878 0.0204012 0.0171389 0.0159355 0.0175763 0.0231638 0.0160045 0.0238984 0.0246608 -0.0731865 -0.0572660 -0.0501099 -0.0659759 -0.0637332 -0.0542852 -0.0680580 -0.0630410 0.0359215 0.0713209 0.8604953 0.0306879 0.0372583 0.0447430 0.0409870 0.0423280 0.0327455 0.0246442 0.0181549 0.0312859 0.0286876 0.0247677 0.0256643 0.0336483 0.0071012 0.0159076 0.0258234 0.0104688 0.0107627 0.0222481 0.0157483 0.0182810 -0.0489061 -0.0021741 -0.0223143 -0.0175576 -0.0112531 -0.0075721 -0.0030405 -0.0238086 -0.0181936 -0.0094772 0.0223420 0.0012517 0.0293564 0.0242732 0.0235790 0.0169366 0.0116549 0.0058657 -0.0032879 0.0173745 0.0010498 0.0250405 0.0006361 -0.0295985 -0.0312649 -0.0072299 -0.0051567 -0.0047475 -0.0210154 -0.0380951 -0.0192019 -0.0923379 -0.0970527 -0.0069522 -0.0159475 -0.0047333 -0.0400860 -0.0231022 -0.1369889 -0.0237461 -0.0518578 -0.0393928 -0.0405519 -0.0100764 -0.0958811 -0.0164101 -0.1125006
0.0039501 0.0064436 0.0108947 0.0118128 0.0068798 0.0079152 0.0093427 0.0075202 0.0083990 0.0087376 0.0068983 0.0054869 0.0080643 0.0077619 0.0097934 0.0102865 -0.0622541 -0.0581961 -0.0573621 -0.0665499 -0.0733185 -0.0510106 -0.0701595 -0.0557793 0.0516348 0.0238625 0.0306879 0.8755230 0.0710780 0.0519847 0.0473676 0.0612575 0.0216455 0.0235170 0.0142700 0.0339326 0.0277093 0.0257194 0.0244629 0.0170068 0.0163812 0.0200879 0.0284473 0.0080916 0.0080695 0.0331165 0.0292508 0.0252963 -0.0467293 -0.0073640 -0.0042305 -0.0141785 -0.0009008 0.0098411 0.0010048 -0.0246002 -0.0082686 -0.0130428 0.0264538 -0.0089214 0.0311212 0.0289877 0.0288730 0.0122509 0.0080223 0.0088352 -0.0100192 0.0253554 0.0056999 0.0243217 -0.0060423 -0.0186364 -0.0101348 -0.0117168 -0.0077405 -0.0037240 -0.0187004 -0.0358934 -0.0220643 -0.0778095 -0.0809363 -0.0076476 -0.0111619 -0.0031436 -0.0418965 -0.0194544 -0.1225473 -0.0182978 -0.0578265 -0.0331157 -0.0328181 -0.0173847 -0.0951193 -0.0188979 -0.1051002
0.0071242 0.0092451 0.0089267 0.0113936 0.0080786 0.0109232 0.0089159 0.0071947 0.0079440 0.0065761 0.0073559 0.0044470 0.0089561 0.0083381 0.0117149 0.0140897 -0.0816554 -0.0611417 -0.0642914 -0.0781503 -0.0835916 -0.0680368 -0.0776376 -0.0701925 0.0664480 0.0438513 0.0372583 0.0710780 0.8737376 0.0651401 0.0568443 0.0738499 0.0299719 0.0269681 0.0190082 0.0337254 0.0246892 0.0309154 0.0290927 0.0266461 0.0094240 0.0089066 0.0276300 0.0079270 0.0069628 0.0256949 0.0138015 0.0255585 -0.0305868 -0.0052313 -0.0090598 -0.0312784 -0.0010464 0.0057001 0.0006209 -0.0199624 -0.0110682 -0.0042759 0.0294567 -0.0052438 0.0415589 0.0363144 0.0359707 0.0197080 0.0090542 0.0159956 -0.0015318 0.0233342 0.0042471 0.0268106 -0.0009256 -0.0223214 -0.0211352 -0.0072352 -0.0065244 -0.0045540 -0.0173861 -0.0360165 -0.0148971 -0.0816209 -0.0854324 -0.0024326 -0.0180823 0.0004793 -0.0452564 -0.0282770 -0.1380044 -0.0260518 -0.0507268 -0.0279994 -0.0276176 -0.0122044 -0.1006196 -0.0190829 -0.1124725
0.0022227 0.0051786 0.0079768 0.0069954 0.0046719 0.0077567 0.0088684 0.0037634 0.0038753 0.0007427 -0.0010514 -0.0019796 0.0031853 -0.0007565 0.0087712 0.0093015 -0.0901413 -0.0786356 -0.0793539 -0.0907673 -0.1018973 -0.0820831 -0.0924481 -0.0836684 0.0808377 0.0352560 0.0447430 0.0519847 0.0651401 0.8699058 0.0848262 0.0631939 0.0317938 0.0306919 0.0258668 0.0405538 0.0339685 0.0449930 0.0287199 0.0392451 0.0076157 0.0229811 0.0413988 0.0141012 0.0163865 0.0314714 0.0234171 0.0443696 -0.0469280 -0.0050344 -0.0164508 -0.0178009 -0.0017166 0.0008952 0.0122016 -0.0209783 -0.0154633 -0.0101242 0.0325466 -0.0060542 0.0487972 0.0447223 0.0454639 0.0241176 0.0112902 0.0178882 0.0038116 0.0440911 0.0174712 0.0370133 0.0050718 -0.0271316 -0.0173295 -0.0130711 -0.0127995 0.0108955 -0.0223971 -0.0344181 -0.0173545 -0.0918497 -0.0958224 0.0026933 -0.0093349 -0.0006276 -0.0426266 -0.0173026 -0.1534608 -0.0177367 -0.0563947 -0.0279052 -0.0281679 -0.0078221 -0.1074396 -0.0149390 -0.1264736
0.0158213 0.0166949 0.0200545 0.0182003 0.0191471 0.0149983 0.0186984 0.0165480 0.0139066 0.0106019 0.0112063 0.0098158 0.0140439 0.0088704 0.0194891 0.0206865 -0.0988416 -0.0797284 -0.0764143 -0.0960611 -0.0939336 -0.0796523 -0.0863151 -0.0835869 0.0812297 0.0431106 0.0409870 0.0473676 0.0568443 0.0848262 0.8582779 0.0611728 0.0421413 0.0330470 0.0257837 0.0479411 0.0382084 0.0434440 0.0383570 0.0409119 0.0141004 0.0208838 0.0418442 0.0122386 0.0163607 0.0411250 0.0215010 0.0389302 -0.0608563 0.0033739 -0.0149546 -0.0132402 -0.0035825 0.0008518 0.0095109 -0.0184112 -0.0228030 -0.0155553 0.0447636 -0.0070479 0.0408837 0.0366981 0.0374373 0.0126444 0.0130214 0.0169679 0.0001939 0.0385826 0.0112750 0.0424090 -0.0012460 -0.0352836 -0.0244327 -0.0052307 -0.0033884 -0.0028641 -0.0215603 -0.0426476 -0.0226528 -0.1023669 -0.1124041 -0.0073618 -0.0160220 0.0026440 -0.0555880 -0.0262422 -0.1654322 -0.0215610 -0.0632350 -0.0328641 -0.0337350 -0.0090929 -0.1247917 -0.0087576 -0.1425714
0.0044708 0.0086508 0.0067295 0.0085967 0.0065292 0.0059256 0.0077974 0.0067025 0.0061254 0.0035818 -0.0007025 0.0009446 0.0052445 0.0015360 0.0063032 0.0132242 -0.0920651 -0.0737563 -0.0735979 -0.0856433 -0.0947911 -0.0728655 -0.0828645 -0.0713779 0.0591287 0.0354807 0.0423280 0.0612575 0.0738499 0.0631939 0.0611728 0.8707170 0.0381783 0.0275461 0.0161350 0.0420774 0.0308032 0.0316230 0.0339632 0.0268324 0.0043784 0.0187197 0.0293291 0.0098978 0.0096193 0.0324181 0.0215074 0.0287892 -0.0458459 0.0011820 -0.0151967 -0.0126374 -0.0082709 0.0080738 0.0080063 -0.0136094 -0.0130262 -0.0031558 0.0264605 0.0025021 0.0408155 0.0447344 0.0439951 0.0131806 0.0095387 0.0143216 0.0097958 0.0286184 0.0137890 0.0301824 0.0125628 -0.0219999 -0.0177580 -0.0139627 -0.0106105 0.0069796 -0.0138481 -0.0337683 -0.0203514 -0.0802075 -0.0873119 -0.0024486 -0.0173517 -0.0012106 -0.0412993 -0.0220197 -0.1337031 -0.0241064 -0.0465149 -0.0383712 -0.0386118 -0.0110746 -0.0940912 -0.0042560 -0.1133111
0.0131056 0.0123902 0.0165486 0.0164347 0.0140517 0.0179143 0.0170475 0.0168414 0.0140913 0.0128030 0.0096820 0.0107946 0.0167667 0.0083875 0.0170038 0.0248389 -0.0905391 -0.0709824 -0.0707048 -0.0830312 -0.0940058 -0.0725808 -0.0825532 -0.0790077 0.0393142 0.0372638 0.0327455 0.0216455 0.0299719 0.0317938 0.0421413 0.0381783 0.8537918 0.0289698 0.0307950 0.0517991 0.0294212 0.0448832 0.0443542 0.0463903 0.0086852 0.0242846 0.0379090 0.0148845 0.0160364 0.0250259 0.0159880 0.0369835 -0.0486292 0.0107854 -0.0116800 -0.0215573 -0.0037051 0.0010422 0.0060105 -0.0165827 -0.0151835 -0.0122157 0.0387204 -0.0075857 0.0378925 0.0349410 0.0343917 0.0175248 0.0139023 0.0187391 0.0055520 0.0355518 0.0097019 0.0296424 -0.0006524 -0.0271301 -0.0268185 -0.0015204 -0.0050845 -0.0024986 -0.0162349 -0.0359746 -0.0193466 -0.0887111 -0.0941784 -0.0060388 -0.0159589 -0.0019004 -0.0443861 -0.0148255 -0.1563671 -0.0152209 -0.0528280 -0.0321680 -0.0328060 -0.0090186 -0.1134330 -0.0228907 -0.1171983
0.0140275 0.0155225 0.0166024 0.0156934 0.0161088 0.0158185 0.0171559 0.0162338 0.0145439 0.0132865 0.0120362 0.0126638 0.0150422 0.0131628 0.0156755 0.0157680 -0.0524597 -0.0429929 -0.0422814 -0.0507077 -0.0551085 -0.0424070 -0.0498206 -0.0457684 0.0267056 0.0248918 0.0246442 0.0235170 0.0269681 0.0306919 0.0330470 0.0275461 0.0289698 0.9466714 0.0187722 0.0292750 0.0231485 0.0246039 0.0248381 0.0252775 0.0097800 0.0165560 0.0250841 0.0093660 0.0113482 0.0219100 0.0159864 0.0268728 -0.0300914 0.0039937 -0.0041846 -0.0110175 0.0005022 0.0024713 0.0059323 -0.0101634 -0.0071221 -0.0049072 0.0272109 0.0000320 0.0307744 0.0291901 0.0287964 0.0121516 0.0112381 0.0137651 0.0037964 0.0271996 0.0084183 0.0214414 0.0025952 -0.0160354 -0.0128306 -0.0007717 -0.0004551 0.0010515 -0.0082507 -0.0213206 -0.0081950 -0.0617055 -0.0644721 -0.0018165 -0.0079215 0.0032815 -0.0272782 -0.0125197 -0.0987662 -0.0099615 -0.0343971 -0.0157447 -0.0164995 -0.0030257 -0.0689860 -0.0086498 -0.0808834
0.0011638 0.0011664 0.0040935 0.0037856 -0.0016167 -0.0026538 0.0019579 -0.0003907 -0.0037443 -0.0013850 -0.0041995 -0.0000780 -0.0036065 -0.0021327 0.0068136 0.0064756 -0.0496132 -0.0546051 -0.0577194 -0.0615295 -0.0661994 -0.0540028 -0.0608801 -0.0613558 0.0227644 0.0169489 0.0181549 0.0142700 0.0190082 0.0258668 0.0257837 0.0161350 0.0307950 0.0187722 0.8827124 0.0310766 0.0255095 0.0248043 0.0154763 0.0240762 -0.0009705 0.0088028 0.0258023 -0.0039498 0.0048793 0.0126556 0.0076407 0.0211506 -0.0276554 -0.0003976 -0.0034083 -0.0159274 -0.0012783 0.0025770 0.0030483 -0.0123053 0.0019486 0.0011399 0.0239312 0.0020540 0.0231817 0.0203951 0.0194946 0.0122581 0.0076156 0.0147864 0.0014446 0.0209380 0.0053035 0.0234637 0.0053496 -0.0132510 -0.0155170 -0.0047961 -0.0040798 -0.0007240 -0.0034050 -0.0170293 -0.0028792 -0.0577511 -0.0592868 0.0006634 0.0031212 0.0075206 -0.0222920 -0.0125109 -0.0954242 -0.0129164 -0.0236799 -0.0191628 -0.0198048 -0.0011773 -0.0723862 -0.0030137 -0.0744167
0.0181130 0.0192778 0.0242610 0.0194877 0.0226805 0.0199023 0.0227338 0.0227764 0.0190647 0.0194208 0.0183359 0.0205565 0.0202964 0.0185963 0.0188073 0.0243940 -0.0850212 -0.0719496 -0.0623547 -0.0764543 -0.0877090 -0.0657367 -0.0837931 -0.0717133 0.0402169 0.0385487 0.0312859 0.0339326 0.0337254 0.0405538 0.0479411 0.0420774 0.0517991 0.0292750 0.0310766 0.8621062 0.0406310 0.0385633 0.0424283 0.0404897 0.0102899 0.0207308 0.0371996 0.0121424 0.0132800 0.0305281 0.0218196 0.0261570 -0.0456832 0.0046749 -0.0120795 -0.0225354 -0.0004950 0.0000047 0.0003466 -0.0079167 -0.0189512 -0.0151111 0.0390002 -0.0070249 0.0395434 0.0383717 0.0376355 0.0143148 0.0176522 0.0216988 -0.0001917 0.0285815 0.0063986 0.0355309 -0.0014892 -0.0255885 -0.0226239 -0.0084680 -0.0047418 -0.0028190 -0.0185429 -0.0377709 -0.0215111 -0.1028665 -0.1051309 -0.0057756 -0.0133685 -0.0045106 -0.0465541 -0.0287719 -0.1564028 -0.0207390 -0.0622708 -0.0369089 -0.0379696 -0.0120964 -0.1157475 -0.0212117 -0.1335056
0.0093283 0.0088679 0.0144321 0.0112970 0.0092344 0.0055382 0.0068923 0.0082663 0.0073860 0.0032123 0.0064493 0.0066871 0.0089078 0.0082764 0.0097320 0.0097327 -0.0636517 -0.0548282 -0.0584915 -0.0557200 -0.0791996 -0.0583476 -0.0701513 -0.0575208 0.0281497 0.0223085 0.0286876 0.0277093 0.0246892 0.0339685 0.0382084 0.0308032 0.0294212 0.0231485 0.0255095 0.0406310 0.8682246 0.0299891 0.0354782 0.0293794 -0.0001329 0.0098430 0.0286475 0.0021460 0.0122427 0.0199225 0.0099143 0.0224803 -0.0366001 -0.0009949 -0.0090681 -0.0107042 -0.0041225 0.0004357 0.0097120 -0.0234519 -0.0123211 -0.0088884 0.0328363 0.0009262 0.0281678 0.0254694 0.0262955 0.0085382 0.0172079 0.0097545 0.0016050 0.0229317 0.0086351 0.0325759 -0.0015984 -0.0181374 -0.0163447 -0.0033737 -0.0006283 0.0004592 -0.0101249 -0.0300591 -0.0196949 -0.0909867 -0.0927596 -0.0067286 -0.0168946 0.0012821 -0.0312600 -0.0233921 -0.1226252 -0.0069100 -0.0388768 -0.0260641 -0.0268175 -0.0055703 -0.0920669 -0.0108024 -0.1035804
0.0087027 0.0125698 0.0087305 0.0148996 0.0098545 0.0060987 0.0103232 0.0101664 0.0072274 0.0056639 0.0049157 0.0028080 0.0107692 0.0053722 0.0149877 0.0147352 -0.0705885 -0.0629405 -0.0639506 -0.0746892 -0.0763550 -0.0593176 -0.0736401 -0.0614460 0.0291875 0.0257725 0.0247677 0.0257194 0.0309154 0.0449930 0.0434440 0.0316230 0.0448832 0.0246039 0.0248043 0.0385633 0.0299891 0.8754972 0.0331343 0.0419834 0.0050868 0.0202631 0.0397631 0.0096584 0.0087912 0.0232460 0.0200121 0.0283204 -0.0406605 0.0045213 -0.0053113 -0.0097666 -0.0015184 -0.0032817 0.0113237 -0.0139854 -0.0130346 -0.0021622 0.0298717 -0.0100025 0.0324116 0.0301463 0.0304339 0.0132444 0.0104138 0.0177770 0.0055262 0.0268557 0.0147472 0.0327491 0.0009937 -0.0270693 -0.0186105 -0.0026274 -0.0029959 -0.0022121 -0.0151613 -0.0221574 -0.0123179 -0.0830844 -0.0954402 -0.0018821 -0.0162517 0.0069292 -0.0322823 -0.0250790 -0.1299672 -0.0145709 -0.0426888 -0.0166013 -0.0192989 -0.0100193 -0.0993612 -0.0123556 -0.1114348
0.0165381 0.0197663 0.0188584 0.0194281 0.0213796 0.0137067 0.0197474 0.0193785 0.0142244 0.0166390 0.0146196 0.0145179 0.0204735 0.0146581 0.0180442 0.0196044 -0.0720488 -0.0595636 -0.0602589 -0.0682576 -0.0748326 -0.0637503 -0.0733874 -0.0611442 0.0251575 0.0274780 0.0256643 0.0244629 0.0290927 0.0287199 0.0383570 0.0339632 0.0443542 0.0248381 0.0154763 0.0424283 0.0354782 0.0331343 0.8589038 0.0343499 0.0050648 0.0126026 0.0263436 0.0124566 0.0068718 0.0308985 0.0172823 0.0266237 -0.0509496 0.0050910 -0.0124289 -0.0082191 -0.0068178 0.0001762 0.0122481 -0.0133791 -0.0100177 -0.0186027 0.0260407 -0.0146528 0.0321845 0.0260225 0.0255395 0.0139820 0.0119328 0.0140964 -0.0047351 0.0265416 0.0007951 0.0208956 -0.0060964 -0.0298223 -0.0253690 -0.0061562 -0.0050450 -0.0060270 -0.0047382 -0.0349578 -0.0140649 -0.0798063 -0.0880388 -0.0126543 -0.0208152 0.0024533 -0.0465679 -0.0210278 -0.1422122 -0.0197925 -0.0573838 -0.0274553 -0.0282362 -0.0080274 -0.1025359 -0.0249398 -0.1082131
