0.8778702 0.1782070 0.1445977 0.1654225 0.1497912 0.1437207 0.1478330 0.1533622 0.1473666 0.1441013 0.1453738 0.1525792 0.1425817 0.1412096 0.1347801 0.1369575 0.0306777 0.0530372 0.0549960 0.0504938 0.0458006 0.0702554 0.0487047 0.0532902 0.0687370 0.0641487 0.0682500 0.0525715 0.0566666 0.0537937 0.0655240 0.0504304 0.0672675 0.0564625 0.0527416 0.0693054 0.0610189 0.0605401 0.0688544 0.0633820 0.0522418 0.0442706 0.0496463 0.0491209 0.0642105 0.0580581 0.0481903 0.0361025 -0.0136223 0.0361054 0.0189239 0.0069552 0.0166823 0.0305209 0.0194064 0.0086329 -0.0024699 0.0072139 0.0378160 0.0199560 0.0376605 0.0203031 0.0188232 0.0396356 0.0174025 0.0356999 0.0080996 0.0371635 0.0044202 0.0517387 0.0113905 -0.0093069 -0.0020862 0.0337162 0.0175585 0.0185659 0.0113978 -0.0103855 0.0114998 -0.0712433 -0.0816246 -0.0006436 0.0050958 0.0174705 -0.0325443 -0.0077139 -0.1229169 -0.0001540 -0.0357851 -0.0162763 -0.0165788 0.0130316 -0.0679457 -0.0028871 -0.1036799 -0.2738681 -0.2769115 -0.2759379 -0.2737640 -0.2734079 -0.2726797 -0.2731356 -0.2741886 -0.2756017 -0.2773251 -0.2795435 -0.2783812 -0.2783152 -0.2792849 -0.2797040 -0.2784802 -0.2821014 -0.2780664
0.1782070 0.8849307 0.1474355 0.1749833 0.1516131 0.1503043 0.1528548 0.1554607 0.1500053 0.1480720 0.1512235 0.1543765 0.1511031 0.1462344 0.1377233 0.1418186 0.0275778 0.0568293 0.0597454 0.0534169 0.0423495 0.0691186 0.0511753 0.0483514 0.0705646 0.0659066 0.0718646 0.0561212 0.0601129 0.0573109 0.0680490 0.0559179 0.0670355 0.0582569 0.0533065 0.0713882 0.0619899 0.0643147 0.0723443 0.0671799 0.0560254 0.0464692 0.0506768 0.0533607 0.0655316 0.0608770 0.0458183 0.0326737 -0.0147116 0.0406850 0.0190220 0.0069690 0.0172762 0.0302046 0.0204659 0.0085387 -0.0044451 0.0091478 0.0400106 0.0222017 0.0376077 0.0239537 0.0228187 0.0398672 0.0208001 0.0373626 0.0119827 0.0343735 0.0043097 0.0533730 0.0122882 -0.0090722 -0.0016487 0.0334184 0.0185514 0.0245199 0.0097186 -0.0125722 0.0140026 -0.0751867 -0.0830006 -0.0001621 0.0051637 0.0160261 -0.0361225 -0.0059604 -0.1253768 0.0027235 -0.0376957 -0.0215260 -0.0229621 0.0143133 -0.0706098 0.0009639 -0.1050479 -0.2822359 -0.2862065 -0.2838844 -0.2817836 -0.2823302 -0.2823958 -0.2813956 -0.2857262 -0.2850032 -0.2867061 -0.2863872 -0.2888987 -0.2867331 -0.2880021 -0.2874398 -0.2876104 -0.2912105 -0.2872548
0.1445977 0.1474355 0.8803762 0.1441316 0.1895185 0.1829201 0.2009337 0.1907906 0.1539936 0.1527856 0.1541173 0.1570489 0.1532398 0.1503526 0.1425200 0.1445993 0.0352694 0.0556863 0.0645847 0.0517763 0.0473245 0.0723345 0.0537554 0.0523053 0.0688362 0.0648279 0.0730519 0.0595569 0.0587799 0.0582318 0.0701343 0.0537253 0.0692536 0.0585372 0.0554063 0.0747032 0.0659206 0.0611150 0.0714005 0.0692716 0.0602135 0.0495296 0.0487643 0.0505962 0.0687443 0.0650563 0.0483930 0.0317118 -0.0186952 0.0347782 0.0217250 0.0057905 0.0174605 0.0304964 0.0195125 0.0080630 -0.0020609 0.0067310 0.0352898 0.0203017 0.0370967 0.0203750 0.0203138 0.0340154 0.0146771 0.0305682 0.0077702 0.0328239 0.0021644 0.0496373 0.0101985 -0.0087135 -0.0029138 0.0347827 0.0202046 0.0206548 0.0088954 -0.0149295 0.0126675 -0.0789888 -0.0903379 -0.0003645 0.0066146 0.0153773 -0.0374095 -0.0063187 -0.1246784 -0.0065573 -0.0405046 -0.0232019 -0.0240649 0.0113858 -0.0730967 -0.0027943 -0.1099827 -0.2847944 -0.2888871 -0.2876071 -0.2834352 -0.2834303 -0.2829386 -0.2845345 -0.2852623 -0.2876858 -0.2892440 -0.2899630 -0.2908680 -0.2896914 -0.2900358 -0.2909219 -0.2900991 -0.2940094 -0.2912802
0.1654225 0.1749833 0.1441316 0.8858802 0.1447497 0.1442627 0.1442856 0.1504862 0.1456507 0.1400603 0.1457877 0.1468236 0.1400854 0.1410203 0.1334544 0.1365570 0.0304520 0.0530975 0.0573810 0.0484662 0.0405130 0.0664081 0.0492216 0.0507048 0.0699741 0.0633895 0.0704961 0.0584571 0.0592368 0.0562435 0.0665045 0.0534009 0.0684083 0.0571992 0.0544899 0.0688806 0.0621311 0.0646777 0.0699735 0.0662492 0.0552541 0.0473679 0.0549644 0.0533944 0.0673726 0.0603251 0.0467074 0.0360251 -0.0127391 0.0389575 0.0233797 0.0060031 0.0180108 0.0308044 0.0235802 0.0087844 -0.0007914 0.0108409 0.0393937 0.0237789 0.0360989 0.0217417 0.0218339 0.0407582 0.0221460 0.0338148 0.0085752 0.0383166 0.0050462 0.0541408 0.0125134 -0.0057518 -0.0021095 0.0344156 0.0208157 0.0208462 0.0106289 -0.0094010 0.0135461 -0.0725241 -0.0814120 0.0010536 0.0099897 0.0192072 -0.0340128 -0.0070197 -0.1241156 0.0009770 -0.0367372 -0.0159058 -0.0157505 0.0164701 -0.0692929 -0.0002377 -0.1018811 -0.2767747 -0.2796589 -0.2771321 -0.2748755 -0.2765468 -0.2748319 -0.2757273 -0.2778295 -0.2785866 -0.2814572 -0.2810693 -0.2818218 -0.2814420 -0.2812477 -0.2812178 -0.2803178 -0.2851939 -0.2798045
0.1497912 0.1516131 0.1895185 0.1447497 0.8930515 0.1977409 0.2030712 0.2006146 0.1566527 0.1546142 0.1570943 0.1610957 0.1552143 0.1531679 0.1423619 0.1477677 0.0345544 0.0626871 0.0652993 0.0592204 0.0517480 0.0782319 0.0601225 0.0577236 0.0703050 0.0628475 0.0714519 0.0552087 0.0569846 0.0542666 0.0677670 0.0514817 0.0668908 0.0578380 0.0499700 0.0718551 0.0609910 0.0615101 0.0724339 0.0650354 0.0610373 0.0467024 0.0467908 0.0514655 0.0679272 0.0598429 0.0477740 0.0273913 -0.0163458 0.0358502 0.0179625 0.0079537 0.0138753 0.0299555 0.0165102 0.0061093 -0.0056650 0.0057290 0.0332170 0.0136753 0.0340300 0.0201619 0.0166961 0.0347822 0.0177104 0.0328033 0.0054900 0.0282735 0.0000332 0.0533264 0.0070871 -0.0134229 -0.0066490 0.0336143 0.0184158 0.0199765 0.0064406 -0.0165642 0.0109285 -0.0800184 -0.0923981 -0.0036510 0.0019465 0.0127588 -0.0375648 -0.0080566 -0.1250095 -0.0061669 -0.0399217 -0.0220287 -0.0225081 0.0116670 -0.0723228 -0.0083744 -0.1066595 -0.2832464 -0.2853674 -0.2835511 -0.2802748 -0.2812356 -0.2803515 -0.2814811 -0.2820762 -0.2826646 -0.2851891 -0.2876791 -0.2875227 -0.2867836 -0.2877463 -0.2870127 -0.2866029 -0.2916318 -0.2863654
0.1437207 0.1503043 0.1829201 0.1442627 0.1977409 0.8881394 0.1956767 0.1937932 0.1541123 0.1525472 0.1546445 0.1603545 0.1516003 0.1506396 0.1414970 0.1465453 0.0354610 0.0569462 0.0635350 0.0541619 0.0477692 0.0720512 0.0553690 0.0536555 0.0726701 0.0670292 0.0728812 0.0578191 0.0610985 0.0591477 0.0657836 0.0535079 0.0702520 0.0570828 0.0501464 0.0704412 0.0588601 0.0575288 0.0662942 0.0657717 0.0601768 0.0482579 0.0501566 0.0500188 0.0677841 0.0616247 0.0491171 0.0257267 -0.0178968 0.0326010 0.0150044 0.0091905 0.0135271 0.0314051 0.0164105 0.0083069 -0.0080299 0.0055731 0.0337753 0.0172462 0.0373318 0.0209502 0.0200486 0.0358670 0.0158995 0.0342602 0.0059226 0.0267598 0.0038830 0.0531606 0.0063029 -0.0110549 -0.0057270 0.0327642 0.0178628 0.0208919 0.0096800 -0.0191695 0.0124565 -0.0784232 -0.0915973 -0.0002165 0.0059167 0.0158621 -0.0387066 -0.0037481 -0.1238348 -0.0068266 -0.0399494 -0.0334829 -0.0349909 0.0102692 -0.0699566 -0.0078310 -0.1059396 -0.2821039 -0.2839851 -0.2841350 -0.2803697 -0.2805973 -0.2797987 -0.2812502 -0.2831373 -0.2821293 -0.2868772 -0.2860757 -0.2865330 -0.2873953 -0.2879571 -0.2860162 -0.2852546 -0.2889540 -0.2876822
0.1478330 0.1528548 0.2009337 0.1442856 0.2030712 0.1956767 0.8867269 0.2075700 0.1568607 0.1559071 0.1582688 0.1633046 0.1546178 0.1564034 0.1417524 0.1491257 0.0315338 0.0583480 0.0655878 0.0582676 0.0482283 0.0734490 0.0562958 0.0505085 0.0712239 0.0661465 0.0728735 0.0587368 0.0594453 0.0594877 0.0682545 0.0543346 0.0710216 0.0599796 0.0549451 0.0737435 0.0607448 0.0631632 0.0727933 0.0716502 0.0603035 0.0462195 0.0504388 0.0521407 0.0674107 0.0602849 0.0482247 0.0304492 -0.0160644 0.0360500 0.0194586 0.0061473 0.0155858 0.0311755 0.0159301 0.0084940 -0.0029434 0.0054882 0.0337956 0.0128816 0.0338978 0.0211842 0.0188339 0.0388169 0.0207661 0.0362570 0.0097336 0.0323706 0.0026062 0.0556899 0.0085272 -0.0116897 -0.0052311 0.0347601 0.0200334 0.0214004 0.0082723 -0.0142038 0.0119147 -0.0795018 -0.0913915 -0.0020931 0.0065041 0.0133318 -0.0375285 -0.0059655 -0.1301589 -0.0064123 -0.0399811 -0.0191313 -0.0202885 0.0110514 -0.0748650 -0.0078171 -0.1111816 -0.2911663 -0.2951816 -0.2928639 -0.2911619 -0.2910489 -0.2886524 -0.2919795 -0.2931678 -0.2928815 -0.2961303 -0.2961037 -0.2981861 -0.2955537 -0.2976647 -0.2966656 -0.2971679 -0.2973491 -0.2965739
0.1533622 0.1554607 0.1907906 0.1504862 0.2006146 0.1937932 0.2075700 0.8954388 0.1616448 0.1568466 0.1614802 0.1684101 0.1568060 0.1583945 0.1467829 0.1496329 0.0356994 0.0593711 0.0704000 0.0600131 0.0519766 0.0795234 0.0597760 0.0534578 0.0708609 0.0667346 0.0716903 0.0570213 0.0583277 0.0555178 0.0670972 0.0531537 0.0707456 0.0593678 0.0525413 0.0733102 0.0618335 0.0626860 0.0720503 0.0684650 0.0610622 0.0458225 0.0501444 0.0529429 0.0661734 0.0623666 0.0466863 0.0299508 -0.0172423 0.0359388 0.0160736 0.0099852 0.0140184 0.0316098 0.0182904 0.0069959 -0.0051723 0.0024071 0.0305571 0.0161765 0.0346151 0.0181342 0.0165261 0.0345074 0.0169301 0.0343405 0.0058180 0.0305998 0.0025538 0.0526622 0.0078742 -0.0111144 -0.0058336 0.0363773 0.0179194 0.0209220 0.0084717 -0.0163581 0.0117697 -0.0801365 -0.0924135 -0.0043549 0.0054408 0.0143666 -0.0358621 -0.0076197 -0.1278564 -0.0030177 -0.0410224 -0.0217328 -0.0228929 0.0115754 -0.0732546 -0.0055947 -0.1077293 -0.2892324 -0.2921310 -0.2901748 -0.2872053 -0.2884373 -0.2874048 -0.2887239 -0.2905813 -0.2912178 -0.2930635 -0.2944665 -0.2937294 -0.2942187 -0.2943334 -0.2944539 -0.2932640 -0.2973831 -0.2938153
0.1473666 0.1500053 0.1539936 0.1456507 0.1566527 0.1541123 0.1568607 0.1616448 0.8957933 0.1884016 0.1976251 0.1947110 0.1913646 0.1857969 0.1491271 0.1542824 0.0362354 0.0613435 0.0666151 0.0626138 0.0507522 0.0760370 0.0615009 0.0569202 0.0717459 0.0629723 0.0711551 0.0588692 0.0590735 0.0568679 0.0658584 0.0553402 0.0681503 0.0575537 0.0502515 0.0707581 0.0603251 0.0601710 0.0677565 0.0656274 0.0595617 0.0423121 0.0463207 0.0557327 0.0699427 0.0618188 0.0513135 0.0280596 -0.0183002 0.0339399 0.0195337 0.0029686 0.0114604 0.0310807 0.0217735 0.0074995 -0.0070248 0.0083060 0.0320608 0.0178096 0.0338342 0.0199483 0.0197963 0.0328863 0.0143493 0.0352673 0.0067668 0.0293158 0.0013053 0.0537367 0.0080568 -0.0102701 -0.0009190 0.0318961 0.0163453 0.0191349 0.0037925 -0.0168332 0.0120095 -0.0794653 -0.0873808 -0.0009743 -0.0008557 0.0167422 -0.0407816 -0.0094232 -0.1211169 -0.0031049 -0.0416797 -0.0364925 -0.0363714 0.0114666 -0.0733076 -0.0056451 -0.1089589 -0.2851180 -0.2873217 -0.2847295 -0.2824318 -0.2825957 -0.2827444 -0.2839396 -0.2853574 -0.2861313 -0.2874901 -0.2892764 -0.2877727 -0.2887376 -0.2893700 -0.2879504 -0.2894156 -0.2941442 -0.2881849
0.1441013 0.1480720 0.1527856 0.1400603 0.1546142 0.1525472 0.1559071 0.1568466 0.1884016 0.8909454 0.1858672 0.1915969 0.1996981 0.1846446 0.1417798 0.1489396 0.0340782 0.0601640 0.0631699 0.0625528 0.0509925 0.0747204 0.0596269 0.0584082 0.0677444 0.0615768 0.0674145 0.0568845 0.0562925 0.0521659 0.0623486 0.0504904 0.0664620 0.0558705 0.0503379 0.0699833 0.0557304 0.0572271 0.0687482 0.0655349 0.0550603 0.0422477 0.0461458 0.0542943 0.0662119 0.0571780 0.0460496 0.0286588 -0.0197209 0.0341833 0.0175275 0.0075089 0.0129200 0.0318075 0.0150036 0.0076388 -0.0069944 0.0045297 0.0303312 0.0158746 0.0317656 0.0169788 0.0145389 0.0307394 0.0159533 0.0323890 0.0042919 0.0292342 -0.0010213 0.0480869 0.0047746 -0.0115543 -0.0032277 0.0297923 0.0142760 0.0179945 0.0039849 -0.0163726 0.0110260 -0.0769067 -0.0897480 -0.0037584 0.0014844 0.0147532 -0.0415397 -0.0079396 -0.1212099 -0.0075100 -0.0412450 -0.0296184 -0.0289498 0.0097983 -0.0711098 -0.0088613 -0.1043346 -0.2779090 -0.2794149 -0.2796848 -0.2746967 -0.2749904 -0.2740821 -0.2770486 -0.2766846 -0.2783307 -0.2799901 -0.2818076 -0.2815449 -0.2801743 -0.2815081 -0.2813496 -0.2808205 -0.2844355 -0.2814575
0.1453738 0.1512235 0.1541173 0.1457877 0.1570943 0.1546445 0.1582688 0.1614802 0.1976251 0.1858672 0.9150831 0.2036303 0.1909816 0.1875814 0.1488698 0.1506926 0.0405004 0.0666845 0.0746693 0.0672239 0.0582404 0.0823121 0.0663195 0.0614001 0.0641443 0.0578397 0.0653885 0.0539769 0.0550462 0.0491651 0.0609625 0.0452055 0.0621738 0.0547801 0.0469906 0.0668518 0.0569465 0.0564007 0.0660714 0.0608881 0.0555221 0.0403435 0.0446445 0.0519249 0.0660625 0.0566578 0.0434854 0.0249262 -0.0181208 0.0311312 0.0187139 0.0023440 0.0114434 0.0259993 0.0148721 0.0057741 -0.0096685 0.0054015 0.0288262 0.0162448 0.0252197 0.0099595 0.0090237 0.0308518 0.0116941 0.0297146 0.0022365 0.0260330 -0.0047148 0.0447358 0.0016538 -0.0162256 -0.0054422 0.0298043 0.0149520 0.0148153 0.0018572 -0.0154002 0.0062809 -0.0781609 -0.0897213 -0.0088159 0.0009024 0.0106291 -0.0438599 -0.0143730 -0.1192523 -0.0069845 -0.0443282 -0.0250675 -0.0247398 0.0109115 -0.0726144 -0.0077868 -0.1059857 -0.2713652 -0.2747238 -0.2733366 -0.2690141 -0.2705640 -0.2703393 -0.2712134 -0.2724029 -0.2725640 -0.2727673 -0.2759575 -0.2759533 -0.2756054 -0.2772491 -0.2753983 -0.2779342 -0.2817191 -0.2758023
0.1525792 0.1543765 0.1570489 0.1468236 0.1610957 0.1603545 0.1633046 0.1684101 0.1947110 0.1915969 0.2036303 0.9086359 0.1960963 0.1911428 0.1462419 0.1562304 0.0377277 0.0659432 0.0709723 0.0655657 0.0539940 0.0820267 0.0652172 0.0593587 0.0654832 0.0582725 0.0678489 0.0550109 0.0551450 0.0498374 0.0612241 0.0483991 0.0640166 0.0557628 0.0517493 0.0708630 0.0586167 0.0561119 0.0673927 0.0622996 0.0580870 0.0409146 0.0475303 0.0517521 0.0684510 0.0563626 0.0472915 0.0244948 -0.0217630 0.0307129 0.0168331 0.0038599 0.0132802 0.0306142 0.0152192 0.0039818 -0.0085179 0.0088037 0.0286177 0.0135330 0.0266382 0.0122844 0.0114294 0.0296564 0.0134150 0.0297305 0.0041917 0.0260126 -0.0032011 0.0496165 0.0054751 -0.0156623 -0.0051899 0.0277236 0.0121273 0.0176701 0.0026436 -0.0198281 0.0097201 -0.0778406 -0.0904881 -0.0074748 -0.0001248 0.0095719 -0.0461168 -0.0120980 -0.1192086 -0.0088262 -0.0438454 -0.0300166 -0.0304968 0.0064900 -0.0702288 -0.0122381 -0.1084065 -0.2793161 -0.2806628 -0.2793155 -0.2764153 -0.2773727 -0.2772760 -0.2780960 -0.2779188 -0.2809852 -0.2797408 -0.2818844 -0.2823217 -0.2822444 -0.2821596 -0.2815753 -0.2831413 -0.2866922 -0.2830419
0.1425817 0.1511031 0.1532398 0.1400854 0.1552143 0.1516003 0.1546178 0.1568060 0.1913646 0.1996981 0.1909816 0.1960963 0.8971546 0.1922668 0.1453012 0.1498405 0.0321159 0.0608703 0.0655793 0.0594865 0.0500118 0.0760258 0.0597304 0.0554337 0.0679411 0.0620667 0.0724979 0.0570237 0.0587694 0.0545051 0.0647971 0.0529108 0.0686263 0.0570662 0.0485768 0.0707057 0.0612266 0.0612274 0.0708621 0.0641509 0.0569893 0.0431913 0.0484368 0.0567427 0.0672218 0.0603651 0.0508284 0.0255884 -0.0190440 0.0349716 0.0149924 0.0091292 0.0161685 0.0276335 0.0191742 0.0061413 -0.0072690 0.0075768 0.0345643 0.0165001 0.0357878 0.0183996 0.0177261 0.0306360 0.0180294 0.0340086 0.0043386 0.0276841 -0.0004023 0.0507213 0.0065148 -0.0102286 -0.0058260 0.0327226 0.0161889 0.0208953 0.0057279 -0.0154304 0.0118424 -0.0806137 -0.0900562 -0.0042438 -0.0000527 0.0159256 -0.0422713 -0.0099336 -0.1233170 -0.0065276 -0.0423650 -0.0332484 -0.0331929 0.0098261 -0.0745599 -0.0064134 -0.1090446 -0.2826588 -0.2857063 -0.2839971 -0.2788103 -0.2799596 -0.2802666 -0.2821361 -0.2827247 -0.2839216 -0.2850496 -0.2877632 -0.2862499 -0.2875376 -0.2883152 -0.2871141 -0.2866384 -0.2920092 -0.2873865
0.1412096 0.1462344 0.1503526 0.1410203 0.1531679 0.1506396 0.1564034 0.1583945 0.1857969 0.1846446 0.1875814 0.1911428 0.1922668 0.9000909 0.1453432 0.1434666 0.0374958 0.0624162 0.0687013 0.0590715 0.0510502 0.0780341 0.0591492 0.0581260 0.0686619 0.0566414 0.0660285 0.0558703 0.0575168 0.0506945 0.0606106 0.0490133 0.0626263 0.0562347 0.0496310 0.0694324 0.0598956 0.0575621 0.0672492 0.0658606 0.0545862 0.0427921 0.0491836 0.0534268 0.0659916 0.0582015 0.0471953 0.0306542 -0.0175065 0.0339186 0.0177626 0.0050521 0.0134412 0.0269194 0.0176331 0.0082123 -0.0091491 0.0064081 0.0326031 0.0160842 0.0312054 0.0141571 0.0134476 0.0341213 0.0168648 0.0309275 0.0037947 0.0320734 -0.0001003 0.0485449 0.0047232 -0.0149656 -0.0043996 0.0318542 0.0171469 0.0206333 0.0065506 -0.0152666 0.0099678 -0.0785371 -0.0884776 -0.0076066 0.0010321 0.0128648 -0.0423124 -0.0099731 -0.1217888 -0.0067070 -0.0415267 -0.0225581 -0.0226462 0.0124567 -0.0739181 -0.0018050 -0.1071857 -0.2780071 -0.2803268 -0.2789596 -0.2764201 -0.2766788 -0.2754565 -0.2781202 -0.2779527 -0.2795968 -0.2798986 -0.2822994 -0.2823786 -0.2809337 -0.2833387 -0.2826536 -0.2821071 -0.2854328 -0.2832411
0.1347801 0.1377233 0.1425200 0.1334544 0.1423619 0.1414970 0.1417524 0.1467829 0.1491271 0.1417798 0.1488698 0.1462419 0.1453012 0.1453432 0.8775221 0.1389504 0.0285976 0.0487614 0.0536605 0.0431259 0.0388280 0.0664173 0.0453141 0.0444116 0.0703191 0.0671225 0.0750169 0.0607916 0.0629520 0.0606610 0.0713161 0.0564270 0.0715724 0.0581208 0.0590652 0.0715352 0.0628777 0.0664645 0.0713114 0.0693780 0.0587994 0.0502096 0.0528388 0.0556107 0.0658938 0.0664283 0.0480253 0.0361703 -0.0147033 0.0377012 0.0240369 0.0101332 0.0184374 0.0358897 0.0269736 0.0076639 0.0018443 0.0163144 0.0432424 0.0251413 0.0434691 0.0297258 0.0269079 0.0351054 0.0228020 0.0365175 0.0139027 0.0375462 0.0084658 0.0550587 0.0153578 -0.0020261 0.0029351 0.0334342 0.0216608 0.0235350 0.0105229 -0.0118865 0.0158528 -0.0691193 -0.0798654 0.0084605 0.0134235 0.0225736 -0.0302618 -0.0017959 -0.1214690 0.0017162 -0.0349641 -0.0255784 -0.0255700 0.0137929 -0.0666665 -0.0001217 -0.1008413 -0.2780950 -0.2828748 -0.2825491 -0.2788157 -0.2784931 -0.2768264 -0.2809929 -0.2809033 -0.2812434 -0.2841895 -0.2847948 -0.2847998 -0.2845288 -0.2847292 -0.2855494 -0.2850093 -0.2881276 -0.2858066
0.1369575 0.1418186 0.1445993 0.1365570 0.1477677 0.1465453 0.1491257 0.1496329 0.1542824 0.1489396 0.1506926 0.1562304 0.1498405 0.1434666 0.1389504 0.8800116 0.0258385 0.0510789 0.0543087 0.0494725 0.0400423 0.0639134 0.0474187 0.0471952 0.0741024 0.0716548 0.0768100 0.0620798 0.0660410 0.0625940 0.0734355 0.0639037 0.0781591 0.0579976 0.0592145 0.0768260 0.0632113 0.0669158 0.0727648 0.0685593 0.0629355 0.0535714 0.0571074 0.0531283 0.0665153 0.0689204 0.0542841 0.0311991 -0.0141202 0.0359137 0.0230396 0.0107390 0.0167444 0.0373388 0.0251264 0.0068376 -0.0001406 0.0153660 0.0423052 0.0253002 0.0469196 0.0316190 0.0302592 0.0357364 0.0226382 0.0406039 0.0137869 0.0333930 0.0068381 0.0556790 0.0174815 -0.0037390 0.0030450 0.0368589 0.0205288 0.0299081 0.0132248 -0.0141644 0.0157477 -0.0705263 -0.0811773 0.0088412 0.0082002 0.0196366 -0.0304133 -0.0021123 -0.1217907 0.0010279 -0.0361459 -0.0354767 -0.0361125 0.0143556 -0.0495550 -0.0025730 -0.1046745 -0.2832244 -0.2864535 -0.2852879 -0.2795382 -0.2822982 -0.2796570 -0.2828221 -0.2839250 -0.2856039 -0.2869028 -0.2887113 -0.2886686 -0.2884166 -0.2895583 -0.2891828 -0.2891858 -0.2920502 -0.2889721
0.0306777 0.0275778 0.0352694 0.0304520 0.0345544 0.0354610 0.0315338 0.0356994 0.0362354 0.0340782 0.0405004 0.0377277 0.0321159 0.0374958 0.0285976 0.0258385 0.9787425 0.0419961 0.0477289 0.0598442 0.0605924 0.0412667 0.0509308 0.0596291 -0.0134381 -0.0169228 -0.0137729 -0.0087250 -0.0185251 -0.0205662 -0.0228990 -0.0227709 -0.0257423 -0.0096475 -0.0141823 -0.0172297 -0.0142627 -0.0177303 -0.0177054 -0.0179968 0.0020430 -0.0066216 -0.0307781 -0.0159853 -0.0115006 -0.0058178 -0.0070230 -0.0457209 -0.0136957 -0.0275739 -0.0205070 -0.0041515 -0.0383724 -0.0074677 -0.0156439 -0.0225358 -0.0174129 -0.0212707 -0.0325227 -0.0166871 -0.0219080 -0.0296822 -0.0286464 -0.0316834 -0.0365080 -0.0235254 -0.0376263 -0.0445101 -0.0362376 -0.0215145 -0.0305309 -0.0150947 -0.0176948 -0.0153323 -0.0232898 -0.0179403 -0.0146542 -0.0332123 -0.0148330 -0.0212106 -0.0221703 -0.0219839 -0.0177045 -0.0197707 -0.0255211 -0.0276736 0.0011680 -0.0250510 -0.0230044 -0.0840758 -0.0843426 -0.0434226 -0.0063174 -0.0210229 -0.0170206 0.0128891 0.0134459 0.0132912 0.0148237 0.0128853 0.0130155 0.0138430 0.0154775 0.0142184 0.0158277 0.0141105 0.0129379 0.0141516 0.0133175 0.0141099 0.0153391 0.0067073 0.0131019
0.0530372 0.0568293 0.0556863 0.0530975 0.0626871 0.0569462 0.0583480 0.0593711 0.0613435 0.0601640 0.0666845 0.0659432 0.0608703 0.0624162 0.0487614 0.0510789 0.0419961 0.9545872 0.0674483 0.0667894 0.0570682 0.0637362 0.0613072 0.0570685 -0.0004383 -0.0105940 -0.0034265 -0.0088204 -0.0054335 -0.0149892 -0.0110111 -0.0176640 -0.0078336 0.0055028 -0.0111883 -0.0075400 -0.0047759 -0.0052657 -0.0025990 -0.0067958 0.0030561 -0.0182120 -0.0089129 0.0004924 0.0072707 -0.0079130 -0.0094697 -0.0197159 -0.0170691 -0.0106095 -0.0076867 -0.0232505 -0.0179613 -0.0046047 -0.0255030 -0.0157340 -0.0237403 -0.0156584 -0.0250205 -0.0165109 -0.0283725 -0.0389649 -0.0394589 -0.0119547 -0.0189585 -0.0187672 -0.0283536 -0.0194244 -0.0354584 -0.0106440 -0.0270884 -0.0220603 -0.0175442 -0.0058867 -0.0156957 -0.0067889 -0.0198208 -0.0143383 -0.0081108 -0.0314326 -0.0389646 -0.0275238 -0.0149515 -0.0185240 -0.0255517 -0.0178045 -0.0264861 -0.0230045 -0.0245773 -0.0171093 -0.0166474 -0.0157527 -0.0171511 -0.0287853 -0.0254772 -0.0446306 -0.0475497 -0.0466084 -0.0425513 -0.0444311 -0.0446328 -0.0464967 -0.0457206 -0.0440056 -0.0434941 -0.0471063 -0.0483815 -0.0490309 -0.0477642 -0.0464845 -0.0471712 -0.0524267 -0.0456332
0.0549960 0.0597454 0.0645847 0.0573810 0.0652993 0.0635350 0.0655878 0.0704000 0.0666151 0.0631699 0.0746693 0.0709723 0.0655793 0.0687013 0.0536605 0.0543087 0.0477289 0.0674483 0.9694382 0.0705805 0.0709792 0.0723702 0.0639195 0.0641096 -0.0030516 -0.0064469 -0.0000660 -0.0103790 -0.0107589 -0.0178414 -0.0121729 -0.0214404 -0.0106828 0.0048927 -0.0171601 -0.0038953 -0.0082841 -0.0078788 -0.0038122 -0.0022580 -0.0007716 -0.0185003 -0.0141818 -0.0038909 0.0145930 -0.0077615 -0.0135261 -0.0200592 -0.0125761 -0.0072140 -0.0099092 -0.0246101 -0.0128267 -0.0075916 -0.0209324 -0.0082266 -0.0302458 -0.0219593 -0.0298352 -0.0163593 -0.0339196 -0.0429407 -0.0425792 -0.0076712 -0.0222242 -0.0206131 -0.0294426 -0.0180851 -0.0415799 -0.0116283 -0.0351778 -0.0349192 -0.0226344 -0.0059098 -0.0196548 -0.0170051 -0.0209814 -0.0209909 -0.0152730 -0.0311785 -0.0348604 -0.0388248 -0.0141461 -0.0285263 -0.0336623 -0.0254736 -0.0313356 -0.0246046 -0.0376134 -0.0133130 -0.0140571 -0.0181845 -0.0217010 -0.0285691 -0.0351732 -0.0428638 -0.0452054 -0.0455817 -0.0421961 -0.0413646 -0.0428902 -0.0435651 -0.0423226 -0.0448404 -0.0405384 -0.0447110 -0.0466043 -0.0443021 -0.0442519 -0.0460348 -0.0436998 -0.0468958 -0.0464169
0.0504938 0.0534169 0.0517763 0.0484662 0.0592204 0.0541619 0.0582676 0.0600131 0.0626138 0.0625528 0.0672239 0.0655657 0.0594865 0.0590715 0.0431259 0.0494725 0.0598442 0.0667894 0.0705805 1.0015731 0.0656130 0.0838848 0.0848431 0.0653288 -0.0151566 -0.0199059 -0.0158264 -0.0229317 -0.0246943 -0.0311620 -0.0287451 -0.0360713 -0.0208991 -0.0007565 -0.0215445 -0.0169975 -0.0119014 -0.0168698 -0.0128826 -0.0172466 -0.0160774 -0.0319497 -0.0269067 -0.0104995 -0.0003337 -0.0260974 -0.0293196 -0.0189592 -0.0111862 -0.0099582 -0.0101700 -0.0200570 -0.0079640 -0.0172989 -0.0299445 -0.0249545 -0.0319703 -0.0220023 -0.0404508 -0.0224198 -0.0488228 -0.0596125 -0.0606242 -0.0221699 -0.0213923 -0.0304523 -0.0336421 -0.0186180 -0.0491998 -0.0180046 -0.0391648 -0.0413930 -0.0258925 -0.0018834 -0.0196853 -0.0328814 -0.0321486 -0.0221172 -0.0219961 -0.0298199 -0.0497962 -0.0495918 -0.0381810 -0.0279129 -0.0431027 -0.0326992 -0.0151346 -0.0221459 -0.0214476 0.0098696 0.0108713 -0.0187648 -0.0111950 -0.0486913 -0.0186960 -0.0151596 -0.0170999 -0.0157710 -0.0123699 -0.0107404 -0.0154258 -0.0159069 -0.0106368 -0.0120180 -0.0111361 -0.0126475 -0.0140843 -0.0119644 -0.0139410 -0.0120283 -0.0133000 -0.0160504 -0.0163052
0.0458006 0.0423495 0.0473245 0.0405130 0.0517480 0.0477692 0.0482283 0.0519766 0.0507522 0.0509925 0.0582404 0.0539940 0.0500118 0.0510502 0.0388280 0.0400423 0.0605924 0.0570682 0.0709792 0.0656130 1.0036360 0.0719872 0.0686679 0.0689370 -0.0195476 -0.0202568 -0.0121463 -0.0227727 -0.0257777 -0.0351244 -0.0254370 -0.0354358 -0.0303404 -0.0084115 -0.0281350 -0.0230950 -0.0279594 -0.0204462 -0.0202883 -0.0195985 -0.0070921 -0.0254627 -0.0318005 -0.0166846 -0.0070493 -0.0189812 -0.0224233 -0.0443016 -0.0143269 -0.0184910 -0.0234203 -0.0122901 -0.0236701 -0.0221951 -0.0369942 -0.0234770 -0.0327103 -0.0323787 -0.0457022 -0.0268829 -0.0445774 -0.0469349 -0.0490058 -0.0245452 -0.0354748 -0.0339341 -0.0406062 -0.0452742 -0.0484219 -0.0220578 -0.0368902 -0.0300056 -0.0257097 -0.0157803 -0.0257632 -0.0339959 -0.0263617 -0.0177242 -0.0257476 -0.0284258 -0.0339067 -0.0417035 -0.0308926 -0.0255818 -0.0378294 -0.0388107 0.0000324 -0.0280897 -0.0226342 -0.0383465 -0.0390953 -0.0261071 -0.0055295 -0.0276729 -0.0203230 0.0103076 0.0124848 0.0129325 0.0145639 0.0139595 0.0120201 0.0118470 0.0143120 0.0131012 0.0151558 0.0117168 0.0118064 0.0137171 0.0110942 0.0137261 0.0127707 0.0069070 0.0126928
0.0702554 0.0691186 0.0723345 0.0664081 0.0782319 0.0720512 0.0734490 0.0795234 0.0760370 0.0747204 0.0823121 0.0820267 0.0760258 0.0780341 0.0664173 0.0639134 0.0412667 0.0637362 0.0723702 0.0838848 0.0719872 0.9839365 0.0767236 0.0751230 -0.0080902 -0.0056328 -0.0031769 -0.0076166 -0.0152209 -0.0219734 -0.0136520 -0.0249516 -0.0097825 0.0088068 -0.0116858 -0.0066396 -0.0079771 -0.0018616 -0.0056406 -0.0011152 -0.0050977 -0.0250162 -0.0122335 0.0001807 0.0106920 -0.0151753 -0.0177178 -0.0125586 -0.0085735 -0.0069650 -0.0034071 -0.0178744 0.0004516 -0.0137686 -0.0265466 -0.0151889 -0.0340554 -0.0166391 -0.0274592 -0.0169078 -0.0447508 -0.0489701 -0.0502325 -0.0097255 -0.0225100 -0.0237549 -0.0331858 -0.0119170 -0.0409101 -0.0107709 -0.0382112 -0.0367172 -0.0230703 -0.0026990 -0.0181697 -0.0228854 -0.0235576 -0.0074479 -0.0022930 -0.0361853 -0.0508383 -0.0469831 -0.0288415 -0.0198767 -0.0406359 -0.0265758 -0.0347788 -0.0227538 -0.0291845 0.0174474 0.0190352 -0.0138749 -0.0231457 -0.0340688 -0.0331614 -0.0585679 -0.0586945 -0.0598811 -0.0549300 -0.0554358 -0.0586725 -0.0556052 -0.0557751 -0.0578749 -0.0552015 -0.0570233 -0.0566152 -0.0552942 -0.0572513 -0.0551040 -0.0596481 -0.0606543 -0.0586990
0.0487047 0.0511753 0.0537554 0.0492216 0.0601225 0.0553690 0.0562958 0.0597760 0.0615009 0.0596269 0.0663195 0.0652172 0.0597304 0.0591492 0.0453141 0.0474187 0.0509308 0.0613072 0.0639195 0.0848431 0.0686679 0.0767236 0.9822701 0.0679326 -0.0134681 -0.0206918 -0.0156137 -0.0204139 -0.0221591 -0.0280691 -0.0200548 -0.0287631 -0.0216893 -0.0042683 -0.0226880 -0.0205940 -0.0198071 -0.0185773 -0.0180853 -0.0169457 -0.0044583 -0.0230485 -0.0263402 -0.0102337 -0.0060382 -0.0154549 -0.0227465 -0.0333760 -0.0212800 -0.0165410 -0.0129159 -0.0144290 -0.0222618 -0.0158462 -0.0326550 -0.0201382 -0.0374914 -0.0166251 -0.0349692 -0.0211366 -0.0441709 -0.0482218 -0.0473877 -0.0297963 -0.0349591 -0.0261504 -0.0405867 -0.0334110 -0.0475790 -0.0199140 -0.0441596 -0.0319202 -0.0302623 -0.0077180 -0.0270393 -0.0289244 -0.0253775 -0.0277983 -0.0172378 -0.0270537 -0.0434970 -0.0393204 -0.0308450 -0.0220543 -0.0354015 -0.0312479 -0.0157153 -0.0194597 -0.0234495 -0.0333684 -0.0329464 -0.0299716 -0.0124653 -0.0370352 -0.0202823 -0.0059502 -0.0046789 -0.0075840 -0.0004165 -0.0048454 -0.0030417 -0.0038531 -0.0024230 -0.0035627 -0.0008986 -0.0051097 -0.0052191 -0.0027051 -0.0031699 -0.0021928 -0.0049322 -0.0087845 -0.0016275
0.0532902 0.0483514 0.0523053 0.0507048 0.0577236 0.0536555 0.0505085 0.0534578 0.0569202 0.0584082 0.0614001 0.0593587 0.0554337 0.0581260 0.0444116 0.0471952 0.0596291 0.0570685 0.0641096 0.0653288 0.0689370 0.0751230 0.0679326 0.9699148 -0.0049379 -0.0040712 -0.0078816 -0.0079354 -0.0137176 -0.0196946 -0.0156332 -0.0184946 -0.0148046 0.0027464 -0.0181280 -0.0084674 -0.0082379 -0.0049654 -0.0044262 -0.0091227 0.0006421 -0.0185563 -0.0180750 -0.0041554 0.0055717 -0.0082609 -0.0104869 -0.0258114 -0.0160907 -0.0109171 -0.0066122 -0.0098280 -0.0160603 -0.0115869 -0.0170581 -0.0168631 -0.0258277 -0.0195895 -0.0295458 -0.0239036 -0.0308197 -0.0393253 -0.0396409 -0.0192845 -0.0250906 -0.0248099 -0.0314602 -0.0250628 -0.0332423 -0.0078221 -0.0286885 -0.0227411 -0.0178380 -0.0097086 -0.0189978 -0.0176413 -0.0165928 -0.0131087 -0.0192809 -0.0310820 -0.0451762 -0.0378012 -0.0207099 -0.0216308 -0.0273203 -0.0292204 -0.0200026 -0.0266174 -0.0304846 -0.0096749 -0.0103294 -0.0222806 -0.0170222 -0.0288750 -0.0253895 -0.0351162 -0.0339377 -0.0363434 -0.0309970 -0.0309252 -0.0326048 -0.0315520 -0.0304353 -0.0315659 -0.0315870 -0.0334780 -0.0315648 -0.0353831 -0.0336683 -0.0322629 -0.0338131 -0.0368875 -0.0336277
0.0687370 0.0705646 0.0688362 0.0699741 0.0703050 0.0726701 0.0712239 0.0708609 0.0717459 0.0677444 0.0641443 0.0654832 0.0679411 0.0686619 0.0703191 0.0741024 -0.0134381 -0.0004383 -0.0030516 -0.0151566 -0.0195476 -0.0080902 -0.0134681 -0.0049379 0.8476805 0.0792866 0.0827033 0.0941566 0.1050025 0.1164093 0.1168732 0.1006672 0.0846556 0.0562003 0.0685137 0.0858021 0.0734609 0.0700630 0.0725820 0.0788223 0.0588247 0.0640691 0.0689002 0.0548284 0.0620704 0.0751593 0.0619435 0.0488254 -0.0069021 0.0371297 0.0253581 0.0242500 0.0242054 0.0428762 0.0391359 0.0209243 0.0257246 0.0269865 0.0691965 0.0405524 0.0728586 0.0657311 0.0659376 0.0510132 0.0411059 0.0572400 0.0402539 0.0504949 0.0478900 0.0681327 0.0440428 0.0231532 0.0167039 0.0384549 0.0387294 0.0474741 0.0308255 0.0035223 0.0229451 -0.0399221 -0.0512557 0.0416054 0.0340894 0.0455276 -0.0065126 0.0219937 -0.1070523 0.0246038 -0.0137754 -0.0282935 -0.0304569 0.0311103 -0.0623584 0.0269359 -0.0863877 -0.2607597 -0.2661149 -0.2611168 -0.2613235 -0.2607796 -0.2594144 -0.2594040 -0.2641867 -0.2636615 -0.2685563 -0.2672466 -0.2674062 -0.2699670 -0.2702291 -0.2702983 -0.2669319 -0.2709025 -0.2689617
0.0641487 0.0659066 0.0648279 0.0633895 0.0628475 0.0670292 0.0661465 0.0667346 0.0629723 0.0615768 0.0578397 0.0582725 0.0620667 0.0566414 0.0671225 0.0716548 -0.0169228 -0.0105940 -0.0064469 -0.0199059 -0.0202568 -0.0056328 -0.0206918 -0.0040712 0.0792866 0.8546607 0.1120656 0.0711547 0.0854027 0.0791732 0.0879765 0.0827908 0.0856650 0.0563063 0.0657436 0.0860960 0.0705776 0.0697286 0.0735354 0.0784936 0.0572626 0.0668814 0.0655077 0.0508012 0.0551404 0.0754841 0.0635509 0.0514503 -0.0011754 0.0462454 0.0312858 0.0226937 0.0362675 0.0485665 0.0526515 0.0164556 0.0280143 0.0310706 0.0714692 0.0437279 0.0851698 0.0729933 0.0725431 0.0513449 0.0438136 0.0554612 0.0376557 0.0518389 0.0434509 0.0668762 0.0423358 0.0230880 0.0242053 0.0427765 0.0455253 0.0410276 0.0340963 0.0024254 0.0300925 -0.0337180 -0.0435865 0.0477674 0.0311077 0.0480155 0.0030759 0.0318501 -0.1137865 0.0258544 -0.0129589 -0.0200087 -0.0202191 0.0355625 -0.0562808 0.0255491 -0.0785099 -0.2536249 -0.2604935 -0.2575739 -0.2544439 -0.2566113 -0.2536204 -0.2579243 -0.2590155 -0.2589115 -0.2631809 -0.2619346 -0.2629146 -0.2630474 -0.2619483 -0.2662496 -0.2633351 -0.2636147 -0.2639769
0.0682500 0.0718646 0.0730519 0.0704961 0.0714519 0.0728812 0.0728735 0.0716903 0.0711551 0.0674145 0.0653885 0.0678489 0.0724979 0.0660285 0.0750169 0.0768100 -0.0137729 -0.0034265 -0.0000660 -0.0158264 -0.0121463 -0.0031769 -0.0156137 -0.0078816 0.0827033 0.1120656 0.8506302 0.0779761 0.0817005 0.0882468 0.0864374 0.0889098 0.0814916 0.0559983 0.0663457 0.0806755 0.0751569 0.0679452 0.0733379 0.0779621 0.0599052 0.0667304 0.0674986 0.0555317 0.0580247 0.0730221 0.0655423 0.0493220 -0.0060312 0.0415690 0.0236207 0.0263929 0.0283784 0.0411846 0.0443192 0.0138560 0.0250362 0.0331218 0.0693019 0.0483077 0.0803813 0.0717835 0.0710745 0.0553285 0.0463209 0.0515421 0.0392880 0.0492192 0.0437086 0.0695863 0.0482906 0.0230910 0.0156258 0.0415040 0.0443350 0.0456371 0.0302644 -0.0001048 0.0277128 -0.0464285 -0.0498747 0.0471911 0.0314728 0.0430858 0.0032181 0.0262489 -0.1063712 0.0215523 -0.0142504 -0.0303591 -0.0318431 0.0305215 -0.0572104 0.0294416 -0.0793835 -0.2600030 -0.2654522 -0.2616900 -0.2583842 -0.2612029 -0.2573634 -0.2605681 -0.2614916 -0.2632613 -0.2661134 -0.2653876 -0.2677808 -0.2673384 -0.2676998 -0.2686145 -0.2662149 -0.2690748 -0.2673298
0.0525715 0.0561212 0.0595569 0.0584571 0.0552087 0.0578191 0.0587368 0.0570213 0.0588692 0.0568845 0.0539769 0.0550109 0.0570237 0.0558703 0.0607916 0.0620798 -0.0087250 -0.0088204 -0.0103790 -0.0229317 -0.0227727 -0.0076166 -0.0204139 -0.0079354 0.0941566 0.0711547 0.0779761 0.8612867 0.1080411 0.0919793 0.0897094 0.1045898 0.0684917 0.0499794 0.0596084 0.0792968 0.0716611 0.0638670 0.0673783 0.0616153 0.0647892 0.0691122 0.0638678 0.0487408 0.0517559 0.0789698 0.0734548 0.0454924 -0.0105245 0.0327869 0.0300881 0.0281443 0.0283109 0.0508650 0.0435581 0.0093020 0.0286491 0.0270797 0.0700144 0.0387610 0.0808833 0.0764839 0.0773860 0.0445220 0.0360448 0.0511296 0.0308762 0.0461291 0.0441163 0.0658577 0.0397425 0.0299591 0.0269606 0.0330303 0.0377356 0.0434618 0.0313025 -0.0041672 0.0213316 -0.0390247 -0.0420994 0.0461185 0.0301978 0.0424393 -0.0017456 0.0249599 -0.0958923 0.0206573 -0.0221433 -0.0479738 -0.0492861 0.0189042 -0.0587835 0.0239984 -0.0786130 -0.2365343 -0.2414804 -0.2400506 -0.2353235 -0.2361027 -0.2337551 -0.2371594 -0.2394403 -0.2411992 -0.2460714 -0.2424170 -0.2438448 -0.2448770 -0.2432640 -0.2460008 -0.2430478 -0.2466452 -0.2461262
0.0566666 0.0601129 0.0587799 0.0592368 0.0569846 0.0610985 0.0594453 0.0583277 0.0590735 0.0562925 0.0550462 0.0551450 0.0587694 0.0575168 0.0629520 0.0660410 -0.0185251 -0.0054335 -0.0107589 -0.0246943 -0.0257777 -0.0152209 -0.0221591 -0.0137176 0.1050025 0.0854027 0.0817005 0.1080411 0.8562781 0.1013431 0.0956509 0.1113464 0.0751655 0.0536282 0.0626451 0.0792556 0.0690593 0.0690914 0.0725195 0.0698510 0.0602558 0.0598987 0.0645869 0.0510196 0.0519213 0.0725946 0.0617352 0.0485303 0.0043856 0.0368968 0.0300252 0.0174460 0.0313330 0.0492593 0.0457124 0.0149852 0.0279076 0.0340790 0.0715106 0.0415223 0.0856720 0.0775900 0.0777058 0.0523486 0.0404778 0.0565860 0.0390154 0.0479951 0.0442783 0.0676220 0.0436874 0.0286052 0.0214278 0.0400465 0.0410037 0.0433357 0.0325141 -0.0001387 0.0285703 -0.0359420 -0.0408287 0.0493515 0.0284774 0.0459500 -0.0009232 0.0214885 -0.1032716 0.0188674 -0.0143404 -0.0322584 -0.0329153 0.0264074 -0.0588070 0.0256862 -0.0785334 -0.2447719 -0.2520843 -0.2486943 -0.2470911 -0.2477323 -0.2450297 -0.2478955 -0.2512079 -0.2509332 -0.2541315 -0.2549664 -0.2537343 -0.2555290 -0.2553585 -0.2562996 -0.2551360 -0.2564006 -0.2561579
0.0537937 0.0573109 0.0582318 0.0562435 0.0542666 0.0591477 0.0594877 0.0555178 0.0568679 0.0521659 0.0491651 0.0498374 0.0545051 0.0506945 0.0606610 0.0625940 -0.0205662 -0.0149892 -0.0178414 -0.0311620 -0.0351244 -0.0219734 -0.0280691 -0.0196946 0.1164093 0.0791732 0.0882468 0.0919793 0.1013431 0.8563609 0.1182065 0.1026696 0.0769556 0.0562620 0.0697850 0.0840579 0.0765580 0.0803472 0.0727823 0.0783210 0.0596948 0.0700429 0.0752701 0.0557200 0.0603807 0.0771443 0.0689554 0.0624214 -0.0015567 0.0383815 0.0270988 0.0278311 0.0322926 0.0474713 0.0559140 0.0171009 0.0278357 0.0329863 0.0743247 0.0431140 0.0905764 0.0838201 0.0849476 0.0579223 0.0440128 0.0604246 0.0445056 0.0632062 0.0554844 0.0757268 0.0511200 0.0284249 0.0272720 0.0377053 0.0397532 0.0568269 0.0323265 0.0043929 0.0295466 -0.0374671 -0.0403185 0.0560740 0.0369906 0.0479481 0.0044831 0.0323372 -0.1081600 0.0271409 -0.0140086 -0.0280678 -0.0292477 0.0323735 -0.0581135 0.0312647 -0.0818053 -0.2566932 -0.2642126 -0.2595397 -0.2584534 -0.2590516 -0.2559316 -0.2582194 -0.2610922 -0.2610083 -0.2658111 -0.2649470 -0.2653125 -0.2650343 -0.2673300 -0.2662783 -0.2660415 -0.2678751 -0.2672921
0.0655240 0.0680490 0.0701343 0.0665045 0.0677670 0.0657836 0.0682545 0.0670972 0.0658584 0.0623486 0.0609625 0.0612241 0.0647971 0.0606106 0.0713161 0.0734355 -0.0228990 -0.0110111 -0.0121729 -0.0287451 -0.0254370 -0.0136520 -0.0200548 -0.0156332 0.1168732 0.0879765 0.0864374 0.0897094 0.0956509 0.1182065 0.8535439 0.1015598 0.0873082 0.0612735 0.0722187 0.0921701 0.0817914 0.0821990 0.0828687 0.0842246 0.0663051 0.0697982 0.0784994 0.0586948 0.0636887 0.0859588 0.0693160 0.0646630 -0.0078115 0.0499492 0.0328348 0.0333393 0.0381945 0.0494450 0.0565260 0.0222874 0.0260902 0.0319965 0.0852159 0.0448297 0.0851821 0.0774797 0.0778096 0.0543856 0.0494440 0.0611133 0.0464291 0.0653208 0.0534764 0.0822259 0.0497141 0.0239617 0.0255295 0.0463477 0.0481952 0.0482382 0.0339674 0.0041518 0.0295654 -0.0393571 -0.0484069 0.0503018 0.0363569 0.0511113 -0.0004981 0.0295769 -0.1133882 0.0293865 -0.0128598 -0.0165385 -0.0172672 0.0372780 -0.0675802 0.0404735 -0.0882963 -0.2769409 -0.2832462 -0.2774000 -0.2774286 -0.2774794 -0.2743764 -0.2780670 -0.2800522 -0.2815832 -0.2845745 -0.2843167 -0.2843128 -0.2847151 -0.2859107 -0.2853653 -0.2859275 -0.2862509 -0.2851998
0.0504304 0.0559179 0.0537253 0.0534009 0.0514817 0.0535079 0.0543346 0.0531537 0.0553402 0.0504904 0.0452055 0.0483991 0.0529108 0.0490133 0.0564270 0.0639037 -0.0227709 -0.0176640 -0.0214404 -0.0360713 -0.0354358 -0.0249516 -0.0287631 -0.0184946 0.1006672 0.0827908 0.0889098 0.1045898 0.1113464 0.1026696 0.1015598 0.8592192 0.0819537 0.0509778 0.0624527 0.0877626 0.0742161 0.0672704 0.0738712 0.0691745 0.0613181 0.0732609 0.0637970 0.0490211 0.0525069 0.0828599 0.0712102 0.0423486 -0.0101222 0.0362743 0.0229557 0.0352595 0.0208004 0.0547268 0.0520386 0.0175742 0.0303872 0.0372896 0.0743533 0.0514009 0.0941169 0.0953584 0.0960506 0.0431259 0.0351775 0.0561682 0.0455157 0.0431602 0.0502444 0.0716800 0.0557672 0.0361633 0.0250547 0.0341830 0.0386513 0.0573938 0.0407266 -0.0028200 0.0254490 -0.0343691 -0.0382004 0.0581231 0.0300409 0.0483312 0.0035953 0.0292080 -0.0945607 0.0190187 -0.0129279 -0.0727947 -0.0736609 0.0209728 -0.0497485 0.0388010 -0.0784692 -0.2435648 -0.2482952 -0.2438819 -0.2435756 -0.2434047 -0.2412069 -0.2441988 -0.2464136 -0.2466956 -0.2496691 -0.2492041 -0.2513421 -0.2521277 -0.2529516 -0.2525664 -0.2518283 -0.2531552 -0.2515238
0.0672675 0.0670355 0.0692536 0.0684083 0.0668908 0.0702520 0.0710216 0.0707456 0.0681503 0.0664620 0.0621738 0.0640166 0.0686263 0.0626263 0.0715724 0.0781591 -0.0257423 -0.0078336 -0.0106828 -0.0208991 -0.0303404 -0.0097825 -0.0216893 -0.0148046 0.0846556 0.0856650 0.0814916 0.0684917 0.0751655 0.0769556 0.0873082 0.0819537 0.8532897 0.0631444 0.0782822 0.0974321 0.0781732 0.0873239 0.0911626 0.0900839 0.0607763 0.0703720 0.0814791 0.0627100 0.0657159 0.0724776 0.0638055 0.0742808 0.0030058 0.0597187 0.0381346 0.0232490 0.0434658 0.0484245 0.0536871 0.0249386 0.0302588 0.0340636 0.0820134 0.0431810 0.0814010 0.0730649 0.0718073 0.0655408 0.0575520 0.0638613 0.0514284 0.0728706 0.0535385 0.0759143 0.0512363 0.0248902 0.0236200 0.0518502 0.0487768 0.0462875 0.0354820 0.0122996 0.0311451 -0.0355533 -0.0438574 0.0457871 0.0364082 0.0482975 0.0041804 0.0362180 -0.1201968 0.0355568 -0.0061656 0.0085176 0.0082150 0.0421578 -0.0675047 0.0284121 -0.0746255 -0.2816858 -0.2843972 -0.2827927 -0.2818800 -0.2811336 -0.2788450 -0.2808855 -0.2847505 -0.2852479 -0.2901676 -0.2886890 -0.2895952 -0.2895766 -0.2906457 -0.2910192 -0.2885171 -0.2892530 -0.2902842
0.0564625 0.0582569 0.0585372 0.0571992 0.0578380 0.0570828 0.0599796 0.0593678 0.0575537 0.0558705 0.0547801 0.0557628 0.0570662 0.0562347 0.0581208 0.0579976 -0.0096475 0.0055028 0.0048927 -0.0007565 -0.0084115 0.0088068 -0.0042683 0.0027464 0.0562003 0.0563063 0.0559983 0.0499794 0.0536282 0.0562620 0.0612735 0.0509778 0.0631444 0.9269178 0.0512077 0.0611806 0.0551304 0.0567028 0.0592132 0.0580498 0.0414329 0.0420754 0.0562105 0.0443603 0.0477113 0.0492186 0.0441151 0.0562097 0.0070686 0.0427012 0.0304800 0.0131204 0.0358254 0.0307889 0.0367539 0.0191327 0.0193574 0.0224233 0.0506276 0.0291131 0.0495300 0.0416075 0.0411647 0.0485267 0.0431041 0.0430847 0.0342828 0.0569560 0.0356295 0.0520146 0.0344633 0.0121995 0.0186041 0.0364072 0.0353313 0.0283934 0.0212387 0.0139094 0.0241541 -0.0268063 -0.0329109 0.0256082 0.0261356 0.0324435 0.0029187 0.0206903 -0.0846131 0.0242722 -0.0031779 0.0386930 0.0382061 0.0355177 -0.0465863 0.0224054 -0.0546832 -0.1973415 -0.2015884 -0.1990293 -0.1978308 -0.1969913 -0.1954013 -0.1972763 -0.1995968 -0.2010076 -0.2044688 -0.2032599 -0.2045855 -0.2041413 -0.2051649 -0.2062507 -0.2047924 -0.2060227 -0.2051271
