0.8767201 0.1779510 0.1443893 0.1652511 0.1497224 0.1434425 0.1475011 0.1529008 0.1468296 0.1437140 0.1449399 0.1520162 0.1422440 0.1408045 0.1344466 0.1366696 0.0301384 0.0526986 0.0550711 0.0511277 0.0458756 0.0710665 0.0495226 0.0538575 0.0673330 0.0641973 0.0678300 0.0526172 0.0565101 0.0531091 0.0648065 0.0499984 0.0668204 0.0572048 0.0520463 0.0689961 0.0609146 0.0602371 0.0685883 0.0629885 0.0523069 0.0447794 0.0492349 0.0479114 0.0638257 0.0581649 0.0479805 0.0366085 -0.0148063 0.0356853 0.0197512 0.0065817 0.0172840 0.0299410 0.0190532 0.0076775 -0.0021404 0.0076995 0.0396836 0.0210315 0.0407773 0.0254027 0.0242200 0.0392915 0.0165008 0.0319344 0.0059385 0.0375701 0.0013292 0.0511499 0.0090470 -0.0103950 -0.0026054 0.0337069 0.0179073 0.0189501 0.0119099 -0.0104909 0.0118455 -0.0727858 -0.0829081 -0.0010889 0.0034303 0.0179354 -0.0339334 -0.0082206 -0.1233150 -0.0006107 -0.0369157 -0.0151098 -0.0154559 0.0112843 -0.0683157 -0.0048700 -0.1041185 -0.2737035 -0.2766663 -0.2758050 -0.2736008 -0.2733077 -0.2724936 -0.2729799 -0.2740420 -0.2754302 -0.2770072 -0.2792898 -0.2780468 -0.2780524 -0.2789472 -0.2792729 -0.2781244 -0.2817805 -0.2776659
0.1779510 0.8837969 0.1470402 0.1746800 0.1513932 0.1498584 0.1523415 0.1547958 0.1492873 0.1474915 0.1505853 0.1536106 0.1505765 0.1456550 0.1372431 0.1413840 0.0267820 0.0562878 0.0596186 0.0538565 0.0421943 0.0697297 0.0518006 0.0487218 0.0690373 0.0660060 0.0714303 0.0562370 0.0599763 0.0565696 0.0672779 0.0555051 0.0666580 0.0590447 0.0526545 0.0710850 0.0619052 0.0640447 0.0721393 0.0668067 0.0560876 0.0471268 0.0503292 0.0521056 0.0651261 0.0610191 0.0456265 0.0332907 -0.0157715 0.0403527 0.0199303 0.0065640 0.0180231 0.0295853 0.0201417 0.0075176 -0.0039862 0.0097688 0.0426258 0.0234663 0.0417940 0.0304806 0.0295525 0.0396263 0.0199815 0.0335219 0.0099678 0.0349270 0.0014520 0.0528123 0.0097455 -0.0101462 -0.0022022 0.0334035 0.0189610 0.0249411 0.0102987 -0.0125674 0.0144159 -0.0769170 -0.0844447 -0.0004109 0.0034905 0.0166410 -0.0377825 -0.0064400 -0.1258572 0.0023183 -0.0387775 -0.0201452 -0.0216099 0.0125509 -0.0710102 -0.0010903 -0.1054303 -0.2821281 -0.2860548 -0.2838523 -0.2817121 -0.2822691 -0.2822678 -0.2812982 -0.2856849 -0.2848970 -0.2864897 -0.2862352 -0.2886888 -0.2865256 -0.2877435 -0.2870332 -0.2872803 -0.2910304 -0.2869770
0.1443893 0.1470402 0.8788050 0.1438474 0.1893066 0.1825364 0.2004982 0.1902127 0.1533833 0.1522771 0.1535942 0.1564100 0.1528142 0.1498815 0.1421206 0.1442588 0.0347409 0.0553386 0.0645844 0.0519751 0.0473168 0.0726291 0.0542902 0.0526260 0.0675765 0.0648467 0.0727017 0.0595983 0.0586397 0.0576930 0.0695205 0.0533727 0.0688642 0.0593568 0.0548385 0.0744355 0.0658109 0.0608697 0.0711918 0.0689332 0.0602269 0.0499243 0.0483776 0.0496660 0.0684547 0.0651523 0.0482238 0.0317770 -0.0193454 0.0344311 0.0222344 0.0055102 0.0177697 0.0300670 0.0193894 0.0075372 -0.0018684 0.0070124 0.0362015 0.0209736 0.0381494 0.0236323 0.0238042 0.0337650 0.0140417 0.0278082 0.0066074 0.0329444 0.0003867 0.0491997 0.0084139 -0.0095306 -0.0033108 0.0347220 0.0204159 0.0208024 0.0091931 -0.0150156 0.0128998 -0.0799100 -0.0908629 -0.0005583 0.0055010 0.0156824 -0.0381517 -0.0066484 -0.1248807 -0.0068600 -0.0412698 -0.0221641 -0.0230358 0.0102167 -0.0732047 -0.0041250 -0.1101884 -0.2846859 -0.2887743 -0.2875061 -0.2832956 -0.2833261 -0.2827465 -0.2844447 -0.2851652 -0.2875452 -0.2890829 -0.2898000 -0.2906847 -0.2894917 -0.2897681 -0.2906631 -0.2898678 -0.2937962 -0.2910135
0.1652511 0.1746800 0.1438474 0.8849226 0.1446527 0.1438812 0.1438768 0.1499138 0.1450172 0.1395893 0.1452834 0.1461635 0.1396410 0.1405456 0.1330281 0.1361606 0.0296365 0.0527000 0.0574101 0.0492706 0.0405264 0.0674940 0.0501696 0.0513409 0.0682628 0.0633522 0.0699391 0.0583954 0.0589321 0.0553644 0.0655616 0.0527262 0.0679307 0.0579801 0.0537281 0.0684731 0.0619984 0.0643708 0.0697119 0.0658281 0.0551867 0.0477767 0.0545723 0.0520009 0.0669270 0.0602388 0.0463353 0.0369125 -0.0139476 0.0386929 0.0245268 0.0054760 0.0190193 0.0300668 0.0231384 0.0075434 -0.0003951 0.0113969 0.0418491 0.0249707 0.0398181 0.0280290 0.0279500 0.0405814 0.0213426 0.0296760 0.0061899 0.0391212 0.0014786 0.0534597 0.0097494 -0.0071717 -0.0026920 0.0344134 0.0212690 0.0211639 0.0111062 -0.0092513 0.0139479 -0.0743283 -0.0829763 0.0004168 0.0080715 0.0197486 -0.0358036 -0.0076784 -0.1246549 0.0005572 -0.0379592 -0.0134860 -0.0133362 0.0147862 -0.0698234 -0.0024564 -0.1022396 -0.2765881 -0.2794193 -0.2770072 -0.2747447 -0.2763975 -0.2746361 -0.2755323 -0.2776699 -0.2783498 -0.2810794 -0.2807681 -0.2814832 -0.2811294 -0.2808852 -0.2807693 -0.2798688 -0.2847885 -0.2793646
0.1497224 0.1513932 0.1893066 0.1446527 0.8918024 0.1974361 0.2027096 0.2000621 0.1560675 0.1541892 0.1566512 0.1605042 0.1548869 0.1527662 0.1419786 0.1474493 0.0337892 0.0622946 0.0654137 0.0602030 0.0518591 0.0793578 0.0612807 0.0585330 0.0684520 0.0628726 0.0708807 0.0552175 0.0567224 0.0532698 0.0667569 0.0508860 0.0663288 0.0585772 0.0491123 0.0714276 0.0608029 0.0610623 0.0720701 0.0644977 0.0610458 0.0473456 0.0462069 0.0498228 0.0674197 0.0599119 0.0474187 0.0280310 -0.0178794 0.0353168 0.0190631 0.0073618 0.0147870 0.0290742 0.0159111 0.0046453 -0.0051959 0.0063511 0.0365711 0.0152104 0.0387726 0.0279560 0.0246590 0.0343072 0.0165011 0.0281963 0.0025939 0.0288737 -0.0038506 0.0525446 0.0038438 -0.0148921 -0.0074498 0.0335277 0.0188352 0.0204031 0.0070886 -0.0166192 0.0113582 -0.0821540 -0.0944069 -0.0042947 -0.0002357 0.0133996 -0.0397574 -0.0089094 -0.1255188 -0.0068185 -0.0414207 -0.0208236 -0.0214298 0.0093972 -0.0728497 -0.0111225 -0.1072335 -0.2829641 -0.2849869 -0.2833426 -0.2800279 -0.2810391 -0.2800711 -0.2812000 -0.2817957 -0.2823368 -0.2847022 -0.2871970 -0.2870240 -0.2862652 -0.2871574 -0.2863649 -0.2860350 -0.2911069 -0.2857643
0.1434425 0.1498584 0.1825364 0.1438812 0.1974361 0.8860961 0.1952528 0.1932868 0.1536328 0.1520938 0.1541297 0.1597940 0.1511683 0.1501852 0.1411734 0.1462452 0.0353276 0.0566579 0.0633819 0.0534224 0.0477622 0.0713446 0.0552951 0.0535431 0.0720800 0.0671074 0.0728052 0.0579731 0.0611111 0.0590246 0.0655821 0.0536491 0.0699970 0.0578543 0.0498896 0.0703570 0.0588620 0.0573806 0.0660954 0.0655739 0.0603713 0.0485855 0.0498149 0.0496807 0.0676761 0.0619181 0.0492390 0.0246604 -0.0179974 0.0321579 0.0147160 0.0093076 0.0128593 0.0313523 0.0166967 0.0084754 -0.0080638 0.0054693 0.0323428 0.0172880 0.0359474 0.0210228 0.0199136 0.0355291 0.0155453 0.0329787 0.0062238 0.0258244 0.0040930 0.0530754 0.0061598 -0.0108845 -0.0057464 0.0325746 0.0176831 0.0208916 0.0097743 -0.0196718 0.0124193 -0.0781365 -0.0907776 0.0002706 0.0059403 0.0159862 -0.0381213 -0.0035822 -0.1236507 -0.0070220 -0.0400921 -0.0344527 -0.0361497 0.0096950 -0.0695934 -0.0079868 -0.1059510 -0.2820807 -0.2839340 -0.2840054 -0.2802557 -0.2805155 -0.2796592 -0.2811799 -0.2831109 -0.2820421 -0.2868870 -0.2860083 -0.2864362 -0.2873520 -0.2878765 -0.2859185 -0.2852299 -0.2889577 -0.2876375
0.1475011 0.1523415 0.2004982 0.1438768 0.2027096 0.1952528 0.8845711 0.2068956 0.1562384 0.1553241 0.1576278 0.1626059 0.1540971 0.1558279 0.1413617 0.1487755 0.0313463 0.0579991 0.0654664 0.0579345 0.0482069 0.0732368 0.0566496 0.0506564 0.0704105 0.0662777 0.0727783 0.0589758 0.0595665 0.0592650 0.0679774 0.0544671 0.0706884 0.0607624 0.0545493 0.0736178 0.0606875 0.0629785 0.0725776 0.0713702 0.0606001 0.0468047 0.0500529 0.0513293 0.0671502 0.0606871 0.0483542 0.0300222 -0.0167421 0.0355158 0.0195471 0.0062272 0.0153323 0.0311219 0.0160408 0.0080819 -0.0028449 0.0056365 0.0334994 0.0134045 0.0341191 0.0235061 0.0207930 0.0383454 0.0200101 0.0339122 0.0089053 0.0319313 0.0015212 0.0554389 0.0075272 -0.0117802 -0.0054548 0.0346810 0.0201301 0.0216978 0.0086099 -0.0146561 0.0120828 -0.0799221 -0.0912333 -0.0016239 0.0057711 0.0136232 -0.0377751 -0.0059838 -0.1301153 -0.0067195 -0.0405684 -0.0195698 -0.0209365 0.0098872 -0.0747329 -0.0087092 -0.1113510 -0.2910343 -0.2950160 -0.2927110 -0.2909540 -0.2909211 -0.2884055 -0.2918115 -0.2930263 -0.2927045 -0.2959014 -0.2958619 -0.2979709 -0.2953407 -0.2973933 -0.2963582 -0.2969254 -0.2972248 -0.2963916
0.1529008 0.1547958 0.1902127 0.1499138 0.2000621 0.1932868 0.2068956 0.8924379 0.1609463 0.1561612 0.1607012 0.1676083 0.1561454 0.1577068 0.1463494 0.1492432 0.0356570 0.0589982 0.0701419 0.0590438 0.0518446 0.0786025 0.0596238 0.0532536 0.0705759 0.0669307 0.0718616 0.0574829 0.0586483 0.0557480 0.0672769 0.0537455 0.0705208 0.0601719 0.0523940 0.0733988 0.0619515 0.0626153 0.0718486 0.0683223 0.0615109 0.0464523 0.0498437 0.0525488 0.0660428 0.0630185 0.0471076 0.0289505 -0.0174137 0.0353810 0.0157126 0.0103806 0.0131439 0.0319240 0.0188204 0.0071552 -0.0052161 0.0024283 0.0287488 0.0161957 0.0325664 0.0178932 0.0160149 0.0340254 0.0164791 0.0332136 0.0061773 0.0295518 0.0029524 0.0527178 0.0078272 -0.0105538 -0.0057666 0.0363276 0.0178186 0.0211815 0.0087535 -0.0170359 0.0118404 -0.0798585 -0.0914459 -0.0033128 0.0056966 0.0145658 -0.0350852 -0.0072731 -0.1275599 -0.0031121 -0.0412174 -0.0231349 -0.0244677 0.0109434 -0.0728752 -0.0052685 -0.1077619 -0.2892052 -0.2921433 -0.2901333 -0.2871179 -0.2884404 -0.2872202 -0.2887022 -0.2905887 -0.2911538 -0.2930583 -0.2944762 -0.2936934 -0.2942269 -0.2942868 -0.2943857 -0.2933254 -0.2974254 -0.2937662
0.1468296 0.1492873 0.1533833 0.1450172 0.1560675 0.1536328 0.1562384 0.1609463 0.8927981 0.1877193 0.1968628 0.1939692 0.1907020 0.1851059 0.1486852 0.1539062 0.0363894 0.0609516 0.0662382 0.0609474 0.0505702 0.0742519 0.0609190 0.0563748 0.0717931 0.0631954 0.0713839 0.0593356 0.0594549 0.0572633 0.0662014 0.0561001 0.0680355 0.0582935 0.0503342 0.0709571 0.0604630 0.0601156 0.0675865 0.0655294 0.0600227 0.0428164 0.0460395 0.0557938 0.0699545 0.0625194 0.0518347 0.0261721 -0.0179951 0.0333032 0.0186217 0.0035844 0.0099486 0.0316495 0.0225473 0.0081830 -0.0071872 0.0080733 0.0288567 0.0174247 0.0301574 0.0170251 0.0167073 0.0323009 0.0140928 0.0352121 0.0085033 0.0275117 0.0031520 0.0540136 0.0091650 -0.0091050 -0.0006610 0.0317182 0.0159648 0.0192354 0.0038977 -0.0177283 0.0118450 -0.0781798 -0.0853547 0.0003529 0.0001304 0.0168011 -0.0390167 -0.0087592 -0.1204588 -0.0031002 -0.0414118 -0.0394971 -0.0395256 0.0112986 -0.0724785 -0.0044374 -0.1088179 -0.2850858 -0.2872936 -0.2846080 -0.2823084 -0.2825098 -0.2825533 -0.2839078 -0.2853504 -0.2860902 -0.2875975 -0.2893328 -0.2877748 -0.2887681 -0.2893982 -0.2879848 -0.2894861 -0.2942697 -0.2882593
0.1437140 0.1474915 0.1522771 0.1395893 0.1541892 0.1520938 0.1553241 0.1561612 0.1877193 0.8883795 0.1851775 0.1908477 0.1990760 0.1839797 0.1413465 0.1485557 0.0338693 0.0597753 0.0629489 0.0617726 0.0508713 0.0740822 0.0596205 0.0583063 0.0670996 0.0617340 0.0673801 0.0571868 0.0564706 0.0521516 0.0622257 0.0508429 0.0662228 0.0566396 0.0500807 0.0699603 0.0557978 0.0571020 0.0685235 0.0653397 0.0553643 0.0428001 0.0458116 0.0538318 0.0660424 0.0576542 0.0463010 0.0278578 -0.0199875 0.0336490 0.0173822 0.0076925 0.0123726 0.0318656 0.0153115 0.0075602 -0.0069109 0.0046071 0.0295081 0.0161592 0.0307575 0.0177000 0.0154749 0.0302919 0.0154305 0.0307069 0.0043458 0.0284292 -0.0011045 0.0480423 0.0043458 -0.0113026 -0.0033324 0.0297052 0.0142714 0.0181794 0.0042417 -0.0168829 0.0110823 -0.0769744 -0.0889271 -0.0030055 0.0011613 0.0150354 -0.0411998 -0.0077675 -0.1210068 -0.0076805 -0.0416399 -0.0305929 -0.0300523 0.0090130 -0.0708181 -0.0090547 -0.1044582 -0.2778676 -0.2793722 -0.2795857 -0.2745682 -0.2749588 -0.2739244 -0.2769717 -0.2766975 -0.2782004 -0.2799194 -0.2817452 -0.2814142 -0.2801273 -0.2813938 -0.2812432 -0.2807584 -0.2844422 -0.2813419
0.1449399 0.1505853 0.1535942 0.1452834 0.1566512 0.1541297 0.1576278 0.1607012 0.1968628 0.1851775 0.9120518 0.2027618 0.1902900 0.1868657 0.1483768 0.1502647 0.0402055 0.0662475 0.0744874 0.0667778 0.0581833 0.0818255 0.0665480 0.0615363 0.0633882 0.0580006 0.0653144 0.0543336 0.0552001 0.0490955 0.0608908 0.0455147 0.0618241 0.0555251 0.0466391 0.0668004 0.0569242 0.0562419 0.0657865 0.0606436 0.0558938 0.0409870 0.0442168 0.0511937 0.0658133 0.0572034 0.0437349 0.0243370 -0.0187922 0.0305145 0.0187789 0.0024871 0.0110379 0.0259539 0.0151224 0.0054118 -0.0095628 0.0056021 0.0283401 0.0166546 0.0249173 0.0115610 0.0102633 0.0302894 0.0109635 0.0275948 0.0017203 0.0254171 -0.0052133 0.0445243 0.0008446 -0.0161650 -0.0056049 0.0297601 0.0149860 0.0150938 0.0022629 -0.0159645 0.0064370 -0.0785440 -0.0896224 -0.0081182 0.0003342 0.0109877 -0.0437257 -0.0143066 -0.1191635 -0.0072487 -0.0449194 -0.0258292 -0.0256500 0.0096342 -0.0724451 -0.0085331 -0.1061713 -0.2711941 -0.2745308 -0.2731395 -0.2688051 -0.2704339 -0.2700869 -0.2710351 -0.2722422 -0.2723338 -0.2725390 -0.2757303 -0.2756576 -0.2754326 -0.2769351 -0.2751147 -0.2776650 -0.2815435 -0.2754939
0.1520162 0.1536106 0.1564100 0.1461635 0.1605042 0.1597940 0.1626059 0.1676083 0.1939692 0.1908477 0.2027618 0.9053737 0.1953480 0.1903875 0.1457479 0.1557772 0.0378080 0.0655126 0.0706461 0.0641805 0.0538299 0.0807035 0.0649046 0.0590389 0.0653540 0.0585007 0.0680527 0.0554947 0.0554505 0.0501463 0.0614264 0.0491692 0.0638113 0.0565101 0.0516540 0.0709803 0.0587191 0.0560203 0.0671809 0.0621888 0.0585548 0.0415833 0.0472043 0.0515764 0.0683421 0.0570939 0.0478072 0.0229892 -0.0217764 0.0300575 0.0162266 0.0044047 0.0121414 0.0310140 0.0158753 0.0044118 -0.0085885 0.0087140 0.0260323 0.0133211 0.0237136 0.0110711 0.0101006 0.0290608 0.0129643 0.0289598 0.0051045 0.0245873 -0.0020081 0.0497530 0.0060594 -0.0147635 -0.0049869 0.0276106 0.0118965 0.0178919 0.0028253 -0.0206495 0.0096951 -0.0773625 -0.0889335 -0.0062258 0.0003064 0.0097387 -0.0448957 -0.0115699 -0.1187891 -0.0089543 -0.0438858 -0.0323289 -0.0330662 0.0059094 -0.0695980 -0.0114598 -0.1083783 -0.2791867 -0.2805689 -0.2791100 -0.2762358 -0.2772631 -0.2770303 -0.2780222 -0.2778420 -0.2807894 -0.2796780 -0.2817621 -0.2821754 -0.2821959 -0.2820289 -0.2814429 -0.2830569 -0.2866509 -0.2829288
0.1422440 0.1505765 0.1528142 0.1396410 0.1548869 0.1511683 0.1540971 0.1561454 0.1907020 0.1990760 0.1902900 0.1953480 0.8948931 0.1916755 0.1448504 0.1494478 0.0317764 0.0604172 0.0653803 0.0589508 0.0498895 0.0755388 0.0598670 0.0554006 0.0671208 0.0621975 0.0723850 0.0572902 0.0588480 0.0543001 0.0645108 0.0530217 0.0683364 0.0578333 0.0482259 0.0706351 0.0612116 0.0610212 0.0706380 0.0639075 0.0572534 0.0437894 0.0480371 0.0560975 0.0670262 0.0607077 0.0509604 0.0249490 -0.0195612 0.0344577 0.0150218 0.0092018 0.0158294 0.0274871 0.0193283 0.0058091 -0.0071121 0.0077489 0.0344447 0.0169868 0.0362528 0.0204715 0.0199499 0.0302074 0.0174035 0.0319105 0.0041941 0.0270360 -0.0009569 0.0505065 0.0056900 -0.0102801 -0.0060437 0.0325809 0.0161882 0.0211321 0.0060713 -0.0158843 0.0119468 -0.0809668 -0.0899151 -0.0037565 -0.0005447 0.0162271 -0.0422293 -0.0099523 -0.1232757 -0.0068040 -0.0428354 -0.0342240 -0.0341373 0.0087345 -0.0744003 -0.0069133 -0.1092667 -0.2825723 -0.2856021 -0.2838852 -0.2786842 -0.2799172 -0.2800689 -0.2820410 -0.2826727 -0.2838036 -0.2849496 -0.2876652 -0.2860900 -0.2873725 -0.2881386 -0.2869322 -0.2865107 -0.2919450 -0.2871910
0.1408045 0.1456550 0.1498815 0.1405456 0.1527662 0.1501852 0.1558279 0.1577068 0.1851059 0.1839797 0.1868657 0.1903875 0.1916755 0.8974747 0.1449283 0.1431023 0.0373686 0.0620079 0.0684968 0.0585782 0.0509559 0.0774668 0.0593100 0.0581422 0.0681312 0.0568502 0.0660624 0.0562695 0.0577724 0.0507130 0.0605575 0.0494146 0.0623829 0.0569829 0.0493286 0.0694272 0.0599362 0.0574533 0.0670011 0.0656463 0.0550228 0.0435284 0.0487988 0.0528537 0.0657519 0.0588268 0.0475804 0.0298869 -0.0180239 0.0333231 0.0176785 0.0053016 0.0129093 0.0270161 0.0179149 0.0080482 -0.0090606 0.0065435 0.0315566 0.0163970 0.0304540 0.0156108 0.0145019 0.0335794 0.0162203 0.0288876 0.0036352 0.0312896 -0.0004706 0.0484753 0.0041516 -0.0146047 -0.0045036 0.0317706 0.0171140 0.0209278 0.0069296 -0.0158327 0.0101195 -0.0787159 -0.0880366 -0.0068220 0.0007105 0.0131951 -0.0420193 -0.0098376 -0.1216225 -0.0069541 -0.0420905 -0.0238612 -0.0240838 0.0113789 -0.0736240 -0.0020740 -0.1073510 -0.2779018 -0.2802450 -0.2788481 -0.2762881 -0.2766551 -0.2752724 -0.2780294 -0.2779011 -0.2794498 -0.2797817 -0.2822258 -0.2822622 -0.2808129 -0.2831687 -0.2824870 -0.2820241 -0.2853533 -0.2830749
0.1344466 0.1372431 0.1421206 0.1330281 0.1419786 0.1411734 0.1413617 0.1463494 0.1486852 0.1413465 0.1483768 0.1457479 0.1448504 0.1449283 0.8757320 0.1386557 0.0286420 0.0485985 0.0535285 0.0421069 0.0387703 0.0654272 0.0448887 0.0440820 0.0700993 0.0671054 0.0749940 0.0608512 0.0629845 0.0606759 0.0713302 0.0565249 0.0714074 0.0589195 0.0590179 0.0715004 0.0628783 0.0664538 0.0711641 0.0692836 0.0588845 0.0502207 0.0526899 0.0557836 0.0659107 0.0665981 0.0481439 0.0351549 -0.0141735 0.0374457 0.0234510 0.0103818 0.0175236 0.0361344 0.0274432 0.0084270 0.0016228 0.0159265 0.0403188 0.0245348 0.0394557 0.0262536 0.0229814 0.0349546 0.0228678 0.0361483 0.0152410 0.0365585 0.0096609 0.0551905 0.0159971 -0.0015264 0.0031235 0.0333230 0.0213456 0.0233115 0.0103024 -0.0122503 0.0156824 -0.0680629 -0.0781061 0.0089469 0.0141251 0.0224025 -0.0287345 -0.0013357 -0.1211720 0.0017913 -0.0345214 -0.0259375 -0.0259763 0.0139471 -0.0661736 0.0008374 -0.1005495 -0.2781045 -0.2829698 -0.2824473 -0.2787445 -0.2784610 -0.2767114 -0.2810016 -0.2809552 -0.2812442 -0.2843728 -0.2849199 -0.2848566 -0.2846669 -0.2848166 -0.2856261 -0.2851892 -0.2882976 -0.2859276
0.1366696 0.1413840 0.1442588 0.1361606 0.1474493 0.1462452 0.1487755 0.1492432 0.1539062 0.1485557 0.1502647 0.1557772 0.1494478 0.1431023 0.1386557 0.8780543 0.0257458 0.0508976 0.0541695 0.0483624 0.0399558 0.0626623 0.0469803 0.0468309 0.0737543 0.0716648 0.0767405 0.0620749 0.0660176 0.0625422 0.0733690 0.0639126 0.0780450 0.0588085 0.0591933 0.0768004 0.0632329 0.0668891 0.0726507 0.0684719 0.0629640 0.0535731 0.0569660 0.0532458 0.0665625 0.0690238 0.0543519 0.0301031 -0.0135048 0.0357215 0.0224678 0.0108944 0.0158055 0.0375342 0.0255996 0.0076141 -0.0003548 0.0150176 0.0396743 0.0248020 0.0433773 0.0283531 0.0268512 0.0356215 0.0227145 0.0403318 0.0153482 0.0323762 0.0080017 0.0557833 0.0181113 -0.0033257 0.0032050 0.0366819 0.0201664 0.0296706 0.0129639 -0.0144900 0.0155284 -0.0693329 -0.0793489 0.0093273 0.0090216 0.0194795 -0.0292895 -0.0016828 -0.1214851 0.0010936 -0.0357185 -0.0360012 -0.0367236 0.0146896 -0.0491062 -0.0016483 -0.1044122 -0.2833405 -0.2866309 -0.2853118 -0.2795543 -0.2823388 -0.2796037 -0.2829103 -0.2840717 -0.2856572 -0.2870985 -0.2888760 -0.2888129 -0.2886162 -0.2897676 -0.2893911 -0.2894218 -0.2923073 -0.2892030
0.0301384 0.0267820 0.0347409 0.0296365 0.0337892 0.0353276 0.0313463 0.0356570 0.0363894 0.0338693 0.0402055 0.0378080 0.0317764 0.0373686 0.0286420 0.0257458 0.9752915 0.0423335 0.0472418 0.0548659 0.0602221 0.0356263 0.0473720 0.0571462 -0.0100822 -0.0168526 -0.0125329 -0.0087992 -0.0179435 -0.0184010 -0.0204378 -0.0209994 -0.0248679 -0.0091117 -0.0123573 -0.0162559 -0.0138261 -0.0166363 -0.0173250 -0.0170001 0.0019935 -0.0080537 -0.0299383 -0.0119553 -0.0101314 -0.0054726 -0.0059577 -0.0503109 -0.0085248 -0.0270797 -0.0246655 -0.0026261 -0.0430634 -0.0051137 -0.0128103 -0.0166925 -0.0191570 -0.0238004 -0.0478209 -0.0216839 -0.0430847 -0.0545221 -0.0539193 -0.0310111 -0.0334653 -0.0133339 -0.0265146 -0.0487737 -0.0216811 -0.0193313 -0.0206077 -0.0102026 -0.0153821 -0.0155164 -0.0251978 -0.0198341 -0.0168271 -0.0341059 -0.0164462 -0.0133092 -0.0128530 -0.0189728 -0.0106185 -0.0218174 -0.0165766 -0.0246371 0.0027717 -0.0234090 -0.0185910 -0.0875342 -0.0878793 -0.0375790 -0.0038452 -0.0122191 -0.0151062 0.0115402 0.0115990 0.0122310 0.0137935 0.0118253 0.0119166 0.0124297 0.0139601 0.0128086 0.0135516 0.0121109 0.0109331 0.0119497 0.0111064 0.0115932 0.0128925 0.0043071 0.0107469
0.0526986 0.0562878 0.0553386 0.0527000 0.0622946 0.0566579 0.0579991 0.0589982 0.0609516 0.0597753 0.0662475 0.0655126 0.0604172 0.0620079 0.0485985 0.0508976 0.0423335 0.9517177 0.0675035 0.0658749 0.0571332 0.0626000 0.0609529 0.0569079 0.0005466 -0.0104854 -0.0029570 -0.0084488 -0.0049774 -0.0140170 -0.0099942 -0.0165443 -0.0078254 0.0059648 -0.0108785 -0.0072399 -0.0045773 -0.0048737 -0.0026282 -0.0065732 0.0034467 -0.0182215 -0.0088267 0.0010983 0.0074483 -0.0072563 -0.0088069 -0.0205684 -0.0163752 -0.0107890 -0.0086105 -0.0227360 -0.0192531 -0.0038134 -0.0244611 -0.0145492 -0.0242954 -0.0161205 -0.0302450 -0.0178239 -0.0351634 -0.0454359 -0.0461646 -0.0120835 -0.0185938 -0.0172319 -0.0261964 -0.0202066 -0.0318983 -0.0100441 -0.0249378 -0.0206448 -0.0169743 -0.0056536 -0.0160550 -0.0070976 -0.0202512 -0.0148523 -0.0082167 -0.0301521 -0.0372359 -0.0258909 -0.0134138 -0.0188675 -0.0236325 -0.0169178 -0.0263898 -0.0226562 -0.0241047 -0.0167407 -0.0161756 -0.0150542 -0.0166702 -0.0270727 -0.0251212 -0.0450394 -0.0479767 -0.0469778 -0.0428898 -0.0448132 -0.0449816 -0.0469031 -0.0461556 -0.0443761 -0.0440151 -0.0475960 -0.0487957 -0.0496142 -0.0482238 -0.0470324 -0.0477280 -0.0530113 -0.0461270
0.0550711 0.0596186 0.0645844 0.0574101 0.0654137 0.0633819 0.0654664 0.0701419 0.0662382 0.0629489 0.0744874 0.0706461 0.0653803 0.0684968 0.0535285 0.0541695 0.0472418 0.0675035 0.9676287 0.0719671 0.0713521 0.0738292 0.0652041 0.0651868 -0.0036767 -0.0064273 -0.0002939 -0.0103604 -0.0108340 -0.0180112 -0.0123468 -0.0214079 -0.0111251 0.0053173 -0.0177546 -0.0041003 -0.0083604 -0.0078808 -0.0040244 -0.0025067 -0.0007303 -0.0183554 -0.0144342 -0.0049548 0.0142681 -0.0076218 -0.0136403 -0.0188464 -0.0137533 -0.0074489 -0.0090789 -0.0250346 -0.0118478 -0.0080770 -0.0211303 -0.0092882 -0.0302165 -0.0216113 -0.0288490 -0.0157440 -0.0327229 -0.0390070 -0.0382607 -0.0077972 -0.0228064 -0.0233447 -0.0313757 -0.0169039 -0.0433594 -0.0119672 -0.0369703 -0.0357975 -0.0230761 -0.0056596 -0.0192978 -0.0169586 -0.0208006 -0.0208844 -0.0148272 -0.0333825 -0.0369678 -0.0389683 -0.0157518 -0.0282650 -0.0352344 -0.0260740 -0.0322016 -0.0249281 -0.0387511 -0.0096278 -0.0101362 -0.0195972 -0.0223377 -0.0306042 -0.0355774 -0.0429510 -0.0451329 -0.0457694 -0.0423469 -0.0415020 -0.0430836 -0.0436234 -0.0423810 -0.0448182 -0.0403204 -0.0445723 -0.0463920 -0.0441148 -0.0439754 -0.0457050 -0.0434759 -0.0467096 -0.0460721
0.0511277 0.0538565 0.0519751 0.0492706 0.0602030 0.0534224 0.0579345 0.0590438 0.0609474 0.0617726 0.0667778 0.0641805 0.0589508 0.0585782 0.0421069 0.0483624 0.0548659 0.0658749 0.0719671 1.0101199 0.0660859 0.0950150 0.0916503 0.0703118 -0.0225804 -0.0207748 -0.0191337 -0.0246144 -0.0271035 -0.0361072 -0.0335334 -0.0411307 -0.0227920 -0.0002446 -0.0255013 -0.0195153 -0.0132013 -0.0180422 -0.0137607 -0.0190282 -0.0179726 -0.0317497 -0.0278113 -0.0176382 -0.0027188 -0.0284830 -0.0329049 -0.0076090 -0.0185458 -0.0094059 -0.0013582 -0.0252391 0.0026212 -0.0232184 -0.0348122 -0.0339392 -0.0293246 -0.0179657 -0.0151140 -0.0145615 -0.0160512 -0.0161198 -0.0162142 -0.0211922 -0.0242424 -0.0489904 -0.0512966 -0.0078542 -0.0705563 -0.0222083 -0.0559006 -0.0524440 -0.0299626 -0.0011699 -0.0160210 -0.0317265 -0.0300293 -0.0181128 -0.0190860 -0.0436264 -0.0658062 -0.0568728 -0.0511701 -0.0252521 -0.0583740 -0.0385027 -0.0203306 -0.0243497 -0.0284519 0.0334775 0.0350335 -0.0268681 -0.0167762 -0.0648886 -0.0210457 -0.0136602 -0.0148921 -0.0150697 -0.0115513 -0.0096669 -0.0147791 -0.0144145 -0.0089751 -0.0106036 -0.0079924 -0.0100979 -0.0113105 -0.0089110 -0.0107193 -0.0083781 -0.0098353 -0.0125809 -0.0127952
0.0458756 0.0421943 0.0473168 0.0405264 0.0518591 0.0477622 0.0482069 0.0518446 0.0505702 0.0508713 0.0581833 0.0538299 0.0498895 0.0509559 0.0387703 0.0399558 0.0602221 0.0571332 0.0713521 0.0660859 1.0013654 0.0723739 0.0693121 0.0694988 -0.0197913 -0.0202617 -0.0122825 -0.0227825 -0.0258466 -0.0351039 -0.0252801 -0.0352639 -0.0305902 -0.0081239 -0.0284464 -0.0232147 -0.0280396 -0.0204007 -0.0204590 -0.0197101 -0.0071041 -0.0254833 -0.0320318 -0.0170799 -0.0071211 -0.0188613 -0.0224769 -0.0441856 -0.0146314 -0.0186557 -0.0231799 -0.0126018 -0.0234903 -0.0224553 -0.0369350 -0.0236461 -0.0329307 -0.0323516 -0.0463329 -0.0269065 -0.0448445 -0.0458372 -0.0478513 -0.0246832 -0.0356974 -0.0347578 -0.0404874 -0.0451131 -0.0475408 -0.0221420 -0.0372389 -0.0304651 -0.0259542 -0.0157326 -0.0257534 -0.0342205 -0.0264884 -0.0178075 -0.0256438 -0.0292650 -0.0344735 -0.0415571 -0.0314245 -0.0256685 -0.0380317 -0.0390275 -0.0004817 -0.0282729 -0.0231060 -0.0363653 -0.0369599 -0.0265260 -0.0058160 -0.0284963 -0.0204802 0.0100444 0.0123304 0.0126126 0.0143229 0.0137019 0.0117158 0.0116235 0.0140837 0.0129408 0.0150917 0.0116033 0.0117580 0.0136146 0.0110908 0.0137196 0.0126990 0.0068196 0.0126774
0.0710665 0.0697297 0.0726291 0.0674940 0.0793578 0.0713446 0.0732368 0.0786025 0.0742519 0.0740822 0.0818255 0.0807035 0.0755388 0.0774668 0.0654272 0.0626623 0.0356263 0.0626000 0.0738292 0.0950150 0.0723739 0.9949056 0.0841515 0.0808187 -0.0165255 -0.0064294 -0.0069369 -0.0093480 -0.0177785 -0.0274202 -0.0193189 -0.0304424 -0.0119280 0.0093310 -0.0161398 -0.0092566 -0.0092653 -0.0033764 -0.0064533 -0.0031811 -0.0070375 -0.0243587 -0.0133787 -0.0080157 0.0080975 -0.0177428 -0.0216108 -0.0001293 -0.0171879 -0.0065896 0.0064734 -0.0232599 0.0122804 -0.0202466 -0.0318425 -0.0255220 -0.0309874 -0.0119907 0.0018832 -0.0077385 -0.0061819 0.0011249 0.0005545 -0.0088892 -0.0261236 -0.0449922 -0.0531591 -0.0001735 -0.0656471 -0.0154433 -0.0572600 -0.0490057 -0.0277028 -0.0018870 -0.0139464 -0.0213309 -0.0209171 -0.0032015 0.0006981 -0.0519638 -0.0689802 -0.0549300 -0.0435123 -0.0168663 -0.0581624 -0.0330069 -0.0404001 -0.0251832 -0.0370871 0.0422857 0.0442721 -0.0233554 -0.0293506 -0.0524526 -0.0361700 -0.0569194 -0.0561773 -0.0592681 -0.0539924 -0.0541542 -0.0578871 -0.0538732 -0.0540682 -0.0562888 -0.0517652 -0.0540963 -0.0535503 -0.0517892 -0.0537392 -0.0510640 -0.0557126 -0.0567211 -0.0548218
0.0495226 0.0518006 0.0542902 0.0501696 0.0612807 0.0552951 0.0566496 0.0596238 0.0609190 0.0596205 0.0665480 0.0649046 0.0598670 0.0593100 0.0448887 0.0469803 0.0473720 0.0609529 0.0652041 0.0916503 0.0693121 0.0841515 0.9864683 0.0714691 -0.0187708 -0.0214547 -0.0180887 -0.0219301 -0.0240404 -0.0316046 -0.0235985 -0.0326157 -0.0230979 -0.0038508 -0.0253830 -0.0223913 -0.0207504 -0.0194928 -0.0186644 -0.0183181 -0.0060247 -0.0232350 -0.0270566 -0.0148230 -0.0075138 -0.0173956 -0.0255533 -0.0262791 -0.0258941 -0.0160552 -0.0072243 -0.0181862 -0.0152232 -0.0201079 -0.0360367 -0.0258942 -0.0359167 -0.0143018 -0.0179970 -0.0161679 -0.0224234 -0.0190024 -0.0182756 -0.0291165 -0.0368793 -0.0383491 -0.0515529 -0.0266598 -0.0608833 -0.0228049 -0.0554281 -0.0396385 -0.0331598 -0.0075347 -0.0249242 -0.0284810 -0.0243099 -0.0252989 -0.0157435 -0.0360793 -0.0538160 -0.0448337 -0.0394884 -0.0206935 -0.0455751 -0.0354305 -0.0193345 -0.0210696 -0.0279913 -0.0174418 -0.0168713 -0.0350613 -0.0161309 -0.0476472 -0.0220104 -0.0053240 -0.0033969 -0.0074441 -0.0001248 -0.0043191 -0.0028947 -0.0031367 -0.0016629 -0.0028863 0.0009408 -0.0036617 -0.0035919 -0.0009711 -0.0012358 -0.0000043 -0.0028166 -0.0066527 0.0004892
0.0538575 0.0487218 0.0526260 0.0513409 0.0585330 0.0535431 0.0506564 0.0532536 0.0563748 0.0583063 0.0615363 0.0590389 0.0554006 0.0581422 0.0440820 0.0468309 0.0571462 0.0569079 0.0651868 0.0703118 0.0694988 0.0808187 0.0714691 0.9721478 -0.0087491 -0.0046152 -0.0095943 -0.0089892 -0.0151372 -0.0222300 -0.0181165 -0.0212784 -0.0159244 0.0032186 -0.0201101 -0.0097927 -0.0088894 -0.0055558 -0.0048289 -0.0101078 -0.0004953 -0.0187856 -0.0185457 -0.0075798 0.0045037 -0.0097008 -0.0125072 -0.0205704 -0.0193998 -0.0105664 -0.0024496 -0.0125309 -0.0108053 -0.0146401 -0.0194907 -0.0208992 -0.0247762 -0.0178957 -0.0180022 -0.0205893 -0.0159964 -0.0188904 -0.0197740 -0.0187167 -0.0264338 -0.0338253 -0.0397093 -0.0198983 -0.0433144 -0.0098524 -0.0368909 -0.0284965 -0.0199239 -0.0094207 -0.0173931 -0.0174905 -0.0158182 -0.0112110 -0.0180461 -0.0377226 -0.0528594 -0.0415392 -0.0270606 -0.0206824 -0.0348224 -0.0322683 -0.0228317 -0.0277781 -0.0337499 0.0028090 0.0025289 -0.0260233 -0.0197868 -0.0366598 -0.0265793 -0.0347120 -0.0331088 -0.0363026 -0.0308121 -0.0306133 -0.0325715 -0.0310640 -0.0299324 -0.0310794 -0.0303037 -0.0324560 -0.0304556 -0.0341471 -0.0323553 -0.0307730 -0.0323856 -0.0354022 -0.0321395
0.0673330 0.0690373 0.0675765 0.0682628 0.0684520 0.0720800 0.0704105 0.0705759 0.0717931 0.0670996 0.0633882 0.0653540 0.0671208 0.0681312 0.0700993 0.0737543 -0.0100822 0.0005466 -0.0036767 -0.0225804 -0.0197913 -0.0165255 -0.0187708 -0.0087491 0.8482085 0.0786549 0.0841398 0.0938633 0.1054841 0.1190645 0.1197054 0.1029045 0.0851917 0.0565527 0.0708293 0.0864478 0.0735514 0.0707120 0.0724562 0.0795456 0.0587326 0.0616668 0.0694271 0.0604274 0.0634549 0.0752983 0.0633204 0.0405377 0.0005046 0.0371798 0.0182671 0.0270164 0.0161186 0.0467037 0.0428273 0.0294166 0.0226521 0.0228144 0.0435362 0.0324593 0.0375583 0.0219170 0.0214486 0.0510771 0.0446527 0.0716102 0.0552612 0.0428148 0.0660705 0.0707308 0.0578228 0.0312092 0.0200392 0.0376905 0.0351345 0.0447138 0.0274410 0.0016173 0.0203180 -0.0272365 -0.0365214 0.0462189 0.0450742 0.0422546 0.0073845 0.0266073 -0.1027424 0.0266673 -0.0069646 -0.0370420 -0.0394555 0.0392750 -0.0575869 0.0404058 -0.0826808 -0.2596630 -0.2657414 -0.2593404 -0.2596806 -0.2592631 -0.2577705 -0.2584592 -0.2631326 -0.2625407 -0.2688655 -0.2671557 -0.2673285 -0.2701434 -0.2704079 -0.2709298 -0.2673881 -0.2712170 -0.2694710
0.0641973 0.0660060 0.0648467 0.0633522 0.0628726 0.0671074 0.0662777 0.0669307 0.0631954 0.0617340 0.0580006 0.0585007 0.0621975 0.0568502 0.0671054 0.0716648 -0.0168526 -0.0104854 -0.0064273 -0.0207748 -0.0202617 -0.0064294 -0.0214547 -0.0046152 0.0786549 0.8560466 0.1116676 0.0705412 0.0848515 0.0784393 0.0872294 0.0817390 0.0856715 0.0568026 0.0657798 0.0857755 0.0704101 0.0695619 0.0735311 0.0783791 0.0567185 0.0661967 0.0655748 0.0513665 0.0552990 0.0747021 0.0630326 0.0507041 0.0000784 0.0465918 0.0306826 0.0224656 0.0358284 0.0484420 0.0525662 0.0175954 0.0277571 0.0304896 0.0698098 0.0429150 0.0822629 0.0687380 0.0677854 0.0517295 0.0444552 0.0557439 0.0390901 0.0510669 0.0436165 0.0668059 0.0430201 0.0230680 0.0243403 0.0424262 0.0451059 0.0403879 0.0335163 0.0026373 0.0296412 -0.0318854 -0.0414103 0.0468899 0.0320905 0.0475024 0.0045055 0.0320167 -0.1133074 0.0260200 -0.0117490 -0.0202622 -0.0206113 0.0367059 -0.0557590 0.0269200 -0.0779341 -0.2534562 -0.2604636 -0.2572699 -0.2541747 -0.2563243 -0.2532906 -0.2577514 -0.2588903 -0.2588143 -0.2632617 -0.2619429 -0.2629851 -0.2630463 -0.2620392 -0.2663481 -0.2634569 -0.2637024 -0.2641488
0.0678300 0.0714303 0.0727017 0.0699391 0.0708807 0.0728052 0.0727783 0.0718616 0.0713839 0.0673801 0.0653144 0.0680527 0.0723850 0.0660624 0.0749940 0.0767405 -0.0125329 -0.0029570 -0.0002939 -0.0191337 -0.0122825 -0.0069369 -0.0180887 -0.0095943 0.0841398 0.1116676 0.8508647 0.0774695 0.0815530 0.0887534 0.0871668 0.0890375 0.0817926 0.0565233 0.0672826 0.0807654 0.0751299 0.0681834 0.0733784 0.0782447 0.0595096 0.0653165 0.0678059 0.0581312 0.0587523 0.0725237 0.0657077 0.0456918 -0.0022480 0.0419098 0.0205540 0.0272735 0.0249220 0.0425819 0.0456789 0.0179695 0.0236853 0.0311044 0.0583857 0.0446007 0.0649361 0.0514988 0.0504330 0.0557019 0.0481460 0.0572695 0.0462539 0.0457840 0.0511694 0.0705889 0.0542347 0.0261126 0.0170384 0.0410121 0.0427121 0.0441233 0.0285412 -0.0006676 0.0264211 -0.0402704 -0.0427091 0.0483103 0.0363561 0.0414331 0.0092131 0.0280874 -0.1045472 0.0225081 -0.0108848 -0.0334590 -0.0350999 0.0345321 -0.0551533 0.0354223 -0.0776737 -0.2597212 -0.2655266 -0.2610636 -0.2578816 -0.2606729 -0.2567858 -0.2603344 -0.2613168 -0.2630624 -0.2665725 -0.2656073 -0.2680243 -0.2676713 -0.2681040 -0.2692114 -0.2667467 -0.2695612 -0.2678904
0.0526172 0.0562370 0.0595983 0.0583954 0.0552175 0.0579731 0.0589758 0.0574829 0.0593356 0.0571868 0.0543336 0.0554947 0.0572902 0.0562695 0.0608512 0.0620749 -0.0087992 -0.0084488 -0.0103604 -0.0246144 -0.0227825 -0.0093480 -0.0219301 -0.0089892 0.0938633 0.0705412 0.0774695 0.8623405 0.1071391 0.0911941 0.0890501 0.1030317 0.0686147 0.0505841 0.0599662 0.0788866 0.0713809 0.0638218 0.0674099 0.0615972 0.0636658 0.0674228 0.0642204 0.0503101 0.0522476 0.0775422 0.0725975 0.0439026 -0.0075614 0.0335938 0.0287137 0.0277720 0.0270540 0.0508305 0.0437805 0.0117921 0.0279121 0.0257227 0.0652263 0.0367078 0.0735834 0.0661283 0.0663107 0.0454585 0.0376694 0.0538854 0.0350249 0.0447126 0.0475472 0.0660535 0.0425272 0.0304182 0.0275179 0.0324701 0.0367189 0.0419584 0.0297633 -0.0037132 0.0203141 -0.0349286 -0.0377196 0.0449827 0.0328661 0.0411266 0.0014596 0.0254444 -0.0951900 0.0212572 -0.0195355 -0.0470473 -0.0484725 0.0221459 -0.0578768 0.0272578 -0.0773651 -0.2365381 -0.2417452 -0.2398245 -0.2351501 -0.2358482 -0.2335550 -0.2371621 -0.2395064 -0.2413062 -0.2465158 -0.2427388 -0.2442368 -0.2452421 -0.2437582 -0.2465880 -0.2436027 -0.2470902 -0.2466611
0.0565101 0.0599763 0.0586397 0.0589321 0.0567224 0.0611111 0.0595665 0.0586483 0.0594549 0.0564706 0.0552001 0.0554505 0.0588480 0.0577724 0.0629845 0.0660176 -0.0179435 -0.0049774 -0.0108340 -0.0271035 -0.0258466 -0.0177785 -0.0240404 -0.0151372 0.1054841 0.0848515 0.0815530 0.1071391 0.8569359 0.1011332 0.0956340 0.1103951 0.0753578 0.0542135 0.0633191 0.0790890 0.0689171 0.0692285 0.0725563 0.0699979 0.0594445 0.0582894 0.0649576 0.0530942 0.0525691 0.0715569 0.0613212 0.0463533 0.0076772 0.0375260 0.0279137 0.0176500 0.0292023 0.0498625 0.0464984 0.0182367 0.0268625 0.0324309 0.0638619 0.0386941 0.0744446 0.0626349 0.0619837 0.0531255 0.0423284 0.0607202 0.0442576 0.0459500 0.0494081 0.0681774 0.0479454 0.0301060 0.0223776 0.0395621 0.0397342 0.0417941 0.0308473 -0.0000588 0.0274674 -0.0310970 -0.0352976 0.0491744 0.0322290 0.0444904 0.0036973 0.0226190 -0.1021280 0.0197050 -0.0113534 -0.0327132 -0.0334575 0.0299820 -0.0574176 0.0303397 -0.0770421 -0.2446591 -0.2523535 -0.2482875 -0.2467412 -0.2473903 -0.2446786 -0.2478075 -0.2512074 -0.2509370 -0.2546226 -0.2552973 -0.2541226 -0.2559848 -0.2558350 -0.2570007 -0.2557048 -0.2568476 -0.2567950
0.0531091 0.0565696 0.0576930 0.0553644 0.0532698 0.0590246 0.0592650 0.0557480 0.0572633 0.0521516 0.0490955 0.0501463 0.0543001 0.0507130 0.0606759 0.0625422 -0.0184010 -0.0140170 -0.0180112 -0.0361072 -0.0351039 -0.0274202 -0.0316046 -0.0222300 0.1190645 0.0784393 0.0887534 0.0911941 0.1011332 0.8569715 0.1195426 0.1031660 0.0773433 0.0566908 0.0712699 0.0841952 0.0764655 0.0807500 0.0726992 0.0787373 0.0591396 0.0677339 0.0757066 0.0598230 0.0614881 0.0765098 0.0693057 0.0569075 0.0042524 0.0388216 0.0223286 0.0291779 0.0268269 0.0497247 0.0581408 0.0232950 0.0256171 0.0298614 0.0565034 0.0371815 0.0653460 0.0522701 0.0527047 0.0584627 0.0468487 0.0700807 0.0549024 0.0580191 0.0677126 0.0773566 0.0606021 0.0334039 0.0295488 0.0370559 0.0371919 0.0543921 0.0295078 0.0034904 0.0274628 -0.0282094 -0.0297153 0.0581188 0.0446672 0.0452334 0.0139645 0.0352963 -0.1053309 0.0286836 -0.0087470 -0.0326105 -0.0339882 0.0386012 -0.0549020 0.0407172 -0.0790493 -0.2560181 -0.2640264 -0.2583438 -0.2573172 -0.2579170 -0.2547466 -0.2575942 -0.2605028 -0.2603847 -0.2661631 -0.2649089 -0.2653852 -0.2652792 -0.2676194 -0.2669325 -0.2665428 -0.2681714 -0.2677543
0.0648065 0.0672779 0.0695205 0.0655616 0.0667569 0.0655821 0.0679774 0.0672769 0.0662014 0.0622257 0.0608908 0.0614264 0.0645108 0.0605575 0.0713302 0.0733690 -0.0204378 -0.0099942 -0.0123468 -0.0335334 -0.0252801 -0.0193189 -0.0235985 -0.0181165 0.1197054 0.0872294 0.0871668 0.0890501 0.0956340 0.1195426 0.8539699 0.1022730 0.0876694 0.0617416 0.0737287 0.0923254 0.0817199 0.0826097 0.0827753 0.0846640 0.0659180 0.0675550 0.0789130 0.0627498 0.0647673 0.0856068 0.0698540 0.0590186 -0.0021303 0.0502112 0.0277728 0.0349663 0.0324845 0.0519409 0.0589169 0.0284674 0.0237212 0.0288375 0.0661240 0.0387710 0.0590215 0.0443585 0.0442043 0.0546779 0.0522250 0.0707376 0.0568267 0.0600265 0.0654712 0.0838894 0.0593193 0.0290856 0.0278478 0.0457685 0.0455914 0.0459182 0.0311800 0.0030895 0.0275579 -0.0301631 -0.0378326 0.0527510 0.0441562 0.0484354 0.0093588 0.0326373 -0.1103670 0.0309348 -0.0077821 -0.0213001 -0.0221528 0.0432825 -0.0643039 0.0500148 -0.0854875 -0.2761240 -0.2829763 -0.2760918 -0.2762020 -0.2763530 -0.2731304 -0.2773205 -0.2793287 -0.2808415 -0.2848138 -0.2842597 -0.2842627 -0.2848266 -0.2861052 -0.2858677 -0.2864248 -0.2865567 -0.2855553
0.0499984 0.0555051 0.0533727 0.0527262 0.0508860 0.0536491 0.0544671 0.0537455 0.0561001 0.0508429 0.0455147 0.0491692 0.0530217 0.0494146 0.0565249 0.0639126 -0.0209994 -0.0165443 -0.0214079 -0.0411307 -0.0352639 -0.0304424 -0.0326157 -0.0212784 0.1029045 0.0817390 0.0890375 0.1030317 0.1103951 0.1031660 0.1022730 0.8604300 0.0823593 0.0514137 0.0639189 0.0876842 0.0738412 0.0674809 0.0737723 0.0694955 0.0599993 0.0700956 0.0642755 0.0535806 0.0537446 0.0813612 0.0709290 0.0366952 -0.0033386 0.0371340 0.0178919 0.0361906 0.0153546 0.0565244 0.0539526 0.0244148 0.0279006 0.0336853 0.0562400 0.0448316 0.0691891 0.0621719 0.0621946 0.0441134 0.0386854 0.0667991 0.0572541 0.0379016 0.0638938 0.0731694 0.0658200 0.0405152 0.0272820 0.0331461 0.0356715 0.0541614 0.0372450 -0.0033011 0.0229363 -0.0240127 -0.0267900 0.0590831 0.0382789 0.0451473 0.0135230 0.0318762 -0.0916890 0.0206134 -0.0069209 -0.0756936 -0.0767109 0.0283510 -0.0465115 0.0489845 -0.0754261 -0.2429003 -0.2481741 -0.2426985 -0.2425217 -0.2422635 -0.2400948 -0.2434291 -0.2458832 -0.2461355 -0.2500941 -0.2492871 -0.2515067 -0.2523844 -0.2533227 -0.2533493 -0.2524639 -0.2537255 -0.2521281
0.0668204 0.0666580 0.0688642 0.0679307 0.0663288 0.0699970 0.0706884 0.0705208 0.0680355 0.0662228 0.0618241 0.0638113 0.0683364 0.0623829 0.0714074 0.0780450 -0.0248679 -0.0078254 -0.0111251 -0.0227920 -0.0305902 -0.0119280 -0.0230979 -0.0159244 0.0851917 0.0856715 0.0817926 0.0686147 0.0753578 0.0773433 0.0876694 0.0823593 0.8539389 0.0635799 0.0787736 0.0976066 0.0782829 0.0873790 0.0912095 0.0902164 0.0609763 0.0702117 0.0815720 0.0637977 0.0659748 0.0726316 0.0642103 0.0722497 0.0045447 0.0596295 0.0366677 0.0241233 0.0415134 0.0494183 0.0544760 0.0267303 0.0298275 0.0333260 0.0767298 0.0417273 0.0740273 0.0634906 0.0620910 0.0654045 0.0581092 0.0659306 0.0542230 0.0709255 0.0555808 0.0764451 0.0537152 0.0267279 0.0243477 0.0516952 0.0481055 0.0460284 0.0350318 0.0117243 0.0306268 -0.0326121 -0.0402730 0.0468390 0.0388979 0.0478677 0.0071690 0.0373652 -0.1189218 0.0359781 -0.0047416 0.0051734 0.0045443 0.0435817 -0.0663089 0.0313735 -0.0738597 -0.2813676 -0.2842988 -0.2822425 -0.2814197 -0.2806976 -0.2782734 -0.2806077 -0.2844733 -0.2849550 -0.2902418 -0.2886530 -0.2896145 -0.2896146 -0.2906738 -0.2911457 -0.2885871 -0.2893237 -0.2904092
0.0572048 0.0590447 0.0593568 0.0579801 0.0585772 0.0578543 0.0607624 0.0601719 0.0582935 0.0566396 0.0555251 0.0565101 0.0578333 0.0569829 0.0589195 0.0588085 -0.0091117 0.0059648 0.0053173 -0.0002446 -0.0081239 0.0093310 -0.0038508 0.0032186 0.0565527 0.0568026 0.0565233 0.0505841 0.0542135 0.0566908 0.0617416 0.0514137 0.0635799 0.9267619 0.0515568 0.0616560 0.0556827 0.0572721 0.0597723 0.0585613 0.0420544 0.0425087 0.0567126 0.0445825 0.0481477 0.0497855 0.0445880 0.0568843 0.0069380 0.0430373 0.0307269 0.0133877 0.0360783 0.0313437 0.0371719 0.0192754 0.0192873 0.0225573 0.0493015 0.0290884 0.0474847 0.0390313 0.0385024 0.0489300 0.0433434 0.0422323 0.0336530 0.0576502 0.0340405 0.0524521 0.0340964 0.0123801 0.0188051 0.0369851 0.0356668 0.0286835 0.0213867 0.0139034 0.0244997 -0.0272375 -0.0334364 0.0259738 0.0263041 0.0327359 0.0030482 0.0210188 -0.0853979 0.0244800 -0.0034663 0.0399263 0.0393846 0.0354995 -0.0470401 0.0223636 -0.0551917 -0.1992207 -0.2035404 -0.2008702 -0.1996534 -0.1988496 -0.1971902 -0.1991835 -0.2014844 -0.2028940 -0.2064858 -0.2052866 -0.2065696 -0.2061574 -0.2071280 -0.2082738 -0.2068110 -0.2080513 -0.2071340
