0.8523622 0.1383637 0.1016324 0.1263030 0.1023177 0.0996927 0.1041213 0.1063847 0.0999116 0.0972436 0.0925848 0.1019100 0.0957770 0.0939207 0.0995705 0.0995831 -0.0024588 0.0162004 0.0137647 0.0062075 0.0019301 0.0247175 0.0033429 0.0147732 0.0763264 0.0748599 0.0750622 0.0637745 0.0697077 0.0718768 0.0805303 0.0690995 0.0805919 0.0625140 0.0656637 0.0807441 0.0716716 0.0721506 0.0768604 0.0725401 0.0543735 0.0574915 0.0661498 0.0535104 0.0628106 0.0682595 0.0595743 0.0606698 -0.0038330 0.0467327 0.0290552 0.0151241 0.0300443 0.0384887 0.0382036 0.0174456 0.0168856 0.0215353 0.0629268 0.0345182 0.0674030 0.0548249 0.0544334 0.0545636 0.0384170 0.0528077 0.0326321 0.0609342 0.0334981 0.0644689 0.0343974 0.0093725 0.0135605 0.0419109 0.0350308 0.0318587 0.0257319 0.0030252 0.0222649 -0.0530071 -0.0591811 0.0266793 0.0231343 0.0353011 -0.0096431 0.0126509 -0.1220063 0.0182730 -0.0198865 0.0042403 0.0045754 0.0306689 -0.0659019 0.0185757 -0.0923947 -0.2767685 -0.2812000 -0.2791446 -0.2783896 -0.2773564 -0.2760719 -0.2766150 -0.2791734 -0.2802938 -0.2835024 -0.2842844 -0.2834619 -0.2836154 -0.2848677 -0.2859221 -0.2839356 -0.2861245 -0.2839128
0.1383637 0.8591335 0.1041605 0.1356327 0.1034133 0.1057478 0.1089830 0.1078039 0.1018687 0.1004082 0.0978042 0.1026964 0.1040488 0.0989799 0.1018897 0.1034020 -0.0060777 0.0202083 0.0184352 0.0088834 -0.0023691 0.0238232 0.0051603 0.0099099 0.0776768 0.0764652 0.0783803 0.0668900 0.0727725 0.0750660 0.0825370 0.0740070 0.0801331 0.0647973 0.0663070 0.0825558 0.0726060 0.0762098 0.0802954 0.0763589 0.0576694 0.0590051 0.0676662 0.0579036 0.0641258 0.0704981 0.0564811 0.0588566 -0.0043039 0.0518671 0.0293663 0.0145826 0.0312626 0.0379226 0.0394054 0.0175144 0.0148641 0.0235620 0.0648391 0.0365946 0.0668039 0.0576431 0.0576778 0.0554971 0.0427105 0.0544782 0.0369115 0.0591786 0.0333362 0.0661926 0.0350174 0.0090521 0.0140094 0.0417426 0.0362276 0.0371461 0.0237469 0.0017509 0.0248640 -0.0565021 -0.0605957 0.0268611 0.0231848 0.0337174 -0.0130366 0.0141181 -0.1249748 0.0214492 -0.0214138 0.0025739 0.0017920 0.0330452 -0.0689517 0.0225210 -0.0931950 -0.2856080 -0.2907837 -0.2874310 -0.2868082 -0.2864832 -0.2861167 -0.2850437 -0.2908466 -0.2899050 -0.2931114 -0.2913217 -0.2941140 -0.2922845 -0.2939283 -0.2938920 -0.2932995 -0.2954733 -0.2931355
0.1016324 0.1041605 0.8498301 0.1013487 0.1372275 0.1341741 0.1530271 0.1387014 0.1021009 0.1014015 0.0957167 0.1011561 0.1021070 0.0987078 0.1040084 0.1034035 -0.0014927 0.0152675 0.0193011 0.0034305 -0.0014556 0.0229626 0.0037723 0.0101693 0.0768302 0.0765031 0.0805212 0.0713427 0.0725474 0.0777983 0.0862635 0.0731156 0.0840629 0.0657993 0.0697968 0.0870898 0.0776143 0.0742982 0.0805097 0.0794201 0.0619549 0.0631242 0.0674965 0.0556039 0.0674570 0.0754231 0.0600579 0.0604958 -0.0070568 0.0472143 0.0334342 0.0138206 0.0330501 0.0389288 0.0402045 0.0181858 0.0193409 0.0224588 0.0622954 0.0356890 0.0684128 0.0564501 0.0580283 0.0514161 0.0389486 0.0493769 0.0353511 0.0603390 0.0343213 0.0638422 0.0349786 0.0110169 0.0142855 0.0441515 0.0394748 0.0346250 0.0240108 0.0006597 0.0244563 -0.0586737 -0.0660007 0.0288691 0.0266852 0.0347049 -0.0117558 0.0158657 -0.1246904 0.0140518 -0.0228245 0.0053272 0.0049792 0.0322210 -0.0714865 0.0205944 -0.0972195 -0.2892876 -0.2947023 -0.2920394 -0.2895097 -0.2888484 -0.2874809 -0.2892247 -0.2915148 -0.2938120 -0.2971542 -0.2962036 -0.2973634 -0.2964656 -0.2971291 -0.2988354 -0.2970368 -0.2992424 -0.2986505
0.1263030 0.1356327 0.1013487 0.8604700 0.0982011 0.1005673 0.1006858 0.1040062 0.0989462 0.0935042 0.0942463 0.0963294 0.0940904 0.0944742 0.0987045 0.0998495 -0.0017687 0.0167303 0.0165071 0.0043250 -0.0028980 0.0217075 0.0047167 0.0130070 0.0772819 0.0738523 0.0772998 0.0695146 0.0718323 0.0740222 0.0809860 0.0715307 0.0814424 0.0629887 0.0672639 0.0799066 0.0725902 0.0758699 0.0778237 0.0753083 0.0572824 0.0602399 0.0714484 0.0575683 0.0657646 0.0700685 0.0573644 0.0605910 -0.0029167 0.0494658 0.0333363 0.0140141 0.0310836 0.0386544 0.0422867 0.0172634 0.0182254 0.0247736 0.0644330 0.0383106 0.0652485 0.0555620 0.0569494 0.0555322 0.0429270 0.0504896 0.0328324 0.0621574 0.0334548 0.0667583 0.0352339 0.0127250 0.0130082 0.0425785 0.0380340 0.0340617 0.0250276 0.0038627 0.0242609 -0.0543357 -0.0589668 0.0277611 0.0276321 0.0370069 -0.0115434 0.0130683 -0.1231099 0.0193976 -0.0209954 0.0050789 0.0058669 0.0340379 -0.0672760 0.0206817 -0.0905327 -0.2795923 -0.2835520 -0.2800306 -0.2792556 -0.2801235 -0.2777654 -0.2789057 -0.2824048 -0.2831472 -0.2873775 -0.2855303 -0.2866803 -0.2864162 -0.2865358 -0.2873398 -0.2853592 -0.2890758 -0.2851918
0.1023177 0.1034133 0.1372275 0.0982011 0.8548365 0.1437912 0.1493287 0.1432868 0.0992425 0.0975187 0.0934064 0.0994138 0.0983611 0.0960946 0.1000313 0.1026627 -0.0054310 0.0178005 0.0151672 0.0052367 -0.0016961 0.0229620 0.0050496 0.0112717 0.0794750 0.0760903 0.0799696 0.0687281 0.0726652 0.0760894 0.0857530 0.0735201 0.0834906 0.0653176 0.0657970 0.0859387 0.0745450 0.0759686 0.0826485 0.0765642 0.0635230 0.0624517 0.0673285 0.0569924 0.0666350 0.0716363 0.0612556 0.0581254 -0.0037650 0.0493725 0.0308348 0.0172848 0.0309230 0.0397670 0.0398772 0.0171117 0.0177724 0.0230986 0.0636981 0.0312997 0.0689984 0.0606914 0.0587133 0.0535161 0.0440124 0.0536030 0.0354826 0.0582930 0.0352045 0.0692401 0.0352585 0.0089688 0.0123505 0.0440964 0.0398856 0.0359247 0.0238598 0.0004588 0.0243013 -0.0577890 -0.0657825 0.0287999 0.0238894 0.0342651 -0.0095141 0.0168657 -0.1246807 0.0165066 -0.0201500 0.0062957 0.0062524 0.0341018 -0.0701516 0.0178965 -0.0927598 -0.2883006 -0.2920131 -0.2887349 -0.2872458 -0.2873072 -0.2856766 -0.2869798 -0.2893099 -0.2901686 -0.2942059 -0.2947772 -0.2951282 -0.2944738 -0.2958621 -0.2961671 -0.2945319 -0.2978422 -0.2945807
0.0996927 0.1057478 0.1341741 0.1005673 0.1437912 0.8559428 0.1463323 0.1407039 0.1004208 0.0991572 0.0944689 0.1025516 0.0986068 0.0973166 0.1018170 0.1037819 -0.0033657 0.0156538 0.0174205 0.0052197 -0.0021254 0.0220367 0.0037968 0.0105421 0.0803370 0.0784339 0.0798818 0.0690727 0.0747443 0.0783543 0.0818842 0.0721835 0.0852542 0.0649875 0.0648769 0.0829310 0.0706788 0.0714967 0.0759349 0.0764195 0.0611032 0.0610156 0.0700712 0.0555183 0.0668291 0.0713807 0.0603335 0.0569862 -0.0050400 0.0465429 0.0277142 0.0165808 0.0308042 0.0395368 0.0377831 0.0191498 0.0134819 0.0213276 0.0608158 0.0325317 0.0677111 0.0558960 0.0564691 0.0547563 0.0419317 0.0535434 0.0345143 0.0567014 0.0370172 0.0675432 0.0319118 0.0085930 0.0119976 0.0425390 0.0379995 0.0343509 0.0245980 -0.0017969 0.0246896 -0.0573966 -0.0666640 0.0286091 0.0265377 0.0350887 -0.0124061 0.0188796 -0.1244021 0.0147707 -0.0208298 0.0024875 0.0013392 0.0330212 -0.0688362 0.0164591 -0.0922263 -0.2871600 -0.2903899 -0.2894602 -0.2871897 -0.2865736 -0.2852954 -0.2866157 -0.2902136 -0.2890674 -0.2956556 -0.2930028 -0.2939318 -0.2950545 -0.2958872 -0.2948456 -0.2930655 -0.2949779 -0.2956730
0.1041213 0.1089830 0.1530271 0.1006858 0.1493287 0.1463323 0.8553866 0.1543527 0.1036055 0.1031455 0.0977626 0.1058246 0.1024947 0.1038220 0.1024373 0.1066673 -0.0057239 0.0175286 0.0195468 0.0089534 -0.0013416 0.0228995 0.0049154 0.0072975 0.0795783 0.0783821 0.0806988 0.0711944 0.0741501 0.0797556 0.0852399 0.0753222 0.0858303 0.0673358 0.0698865 0.0866701 0.0727718 0.0767977 0.0819860 0.0820191 0.0625799 0.0607884 0.0692479 0.0571513 0.0660350 0.0717996 0.0607016 0.0584652 -0.0046990 0.0482753 0.0309436 0.0150976 0.0306407 0.0401817 0.0374459 0.0184048 0.0188113 0.0216263 0.0613865 0.0291314 0.0667105 0.0593091 0.0583173 0.0555989 0.0447315 0.0555200 0.0382052 0.0592340 0.0355051 0.0700724 0.0338486 0.0093172 0.0122040 0.0441898 0.0401713 0.0361221 0.0244717 0.0008855 0.0239402 -0.0590739 -0.0668034 0.0285114 0.0268474 0.0330849 -0.0116688 0.0164679 -0.1296395 0.0142795 -0.0220799 0.0045844 0.0043551 0.0313771 -0.0727746 0.0161923 -0.0988202 -0.2953893 -0.3008146 -0.2974449 -0.2971393 -0.2963547 -0.2933550 -0.2965848 -0.2993986 -0.2990015 -0.3039021 -0.3022290 -0.3047475 -0.3023388 -0.3047752 -0.3045103 -0.3039867 -0.3026748 -0.3038081
0.1063847 0.1078039 0.1387014 0.1040062 0.1432868 0.1407039 0.1543527 0.8572647 0.1046348 0.1002610 0.0974425 0.1069281 0.1003649 0.1020122 0.1046659 0.1048998 -0.0041425 0.0151334 0.0206288 0.0067119 -0.0010372 0.0248564 0.0049151 0.0074220 0.0802654 0.0800465 0.0803097 0.0707056 0.0743151 0.0772622 0.0852486 0.0753469 0.0871552 0.0669654 0.0683427 0.0872190 0.0750756 0.0770576 0.0821484 0.0798709 0.0638468 0.0615928 0.0706940 0.0583065 0.0649842 0.0745492 0.0600346 0.0602916 -0.0049337 0.0493468 0.0287786 0.0195334 0.0307695 0.0414792 0.0414588 0.0177833 0.0181475 0.0196506 0.0609152 0.0337973 0.0697685 0.0586578 0.0588739 0.0531186 0.0427619 0.0550406 0.0358375 0.0600988 0.0376896 0.0682045 0.0357860 0.0116115 0.0128258 0.0467935 0.0394012 0.0370663 0.0260643 0.0004627 0.0251063 -0.0582015 -0.0659171 0.0281655 0.0273738 0.0359216 -0.0081584 0.0169961 -0.1276620 0.0195723 -0.0216788 0.0053302 0.0046777 0.0335716 -0.0712811 0.0202489 -0.0941287 -0.2943453 -0.2988192 -0.2956295 -0.2942736 -0.2947439 -0.2929300 -0.2944638 -0.2978715 -0.2984766 -0.3020332 -0.3017011 -0.3014086 -0.3021089 -0.3027613 -0.3036747 -0.3013206 -0.3037833 -0.3022789
0.0999116 0.1018687 0.1021009 0.0989462 0.0992425 0.1004208 0.1036055 0.1046348 0.8579211 0.1310311 0.1333991 0.1324613 0.1341867 0.1287748 0.1065950 0.1086416 -0.0047349 0.0169127 0.0169182 0.0098380 -0.0025274 0.0216632 0.0065027 0.0108635 0.0803633 0.0755406 0.0788782 0.0711368 0.0738931 0.0778370 0.0833867 0.0756658 0.0844993 0.0656348 0.0659765 0.0841365 0.0732888 0.0748968 0.0780547 0.0771870 0.0607128 0.0561986 0.0674517 0.0616998 0.0688312 0.0722277 0.0633956 0.0612309 -0.0046225 0.0486866 0.0329053 0.0114230 0.0300001 0.0400273 0.0448941 0.0190394 0.0161042 0.0252914 0.0617428 0.0347474 0.0668868 0.0579914 0.0590573 0.0533667 0.0420555 0.0560222 0.0370744 0.0612225 0.0368250 0.0692466 0.0358888 0.0107712 0.0180573 0.0423483 0.0377654 0.0340183 0.0202783 0.0018459 0.0253430 -0.0566896 -0.0603090 0.0298725 0.0211408 0.0376009 -0.0128358 0.0148971 -0.1219863 0.0201104 -0.0211632 0.0000223 0.0004799 0.0354091 -0.0721558 0.0201916 -0.0945869 -0.2905450 -0.2941617 -0.2904734 -0.2898731 -0.2890857 -0.2886956 -0.2899035 -0.2929305 -0.2937990 -0.2969149 -0.2968525 -0.2958284 -0.2969921 -0.2980351 -0.2974313 -0.2978905 -0.3006292 -0.2969227
0.0972436 0.1004082 0.1014015 0.0935042 0.0975187 0.0991572 0.1031455 0.1002610 0.1310311 0.8538001 0.1218417 0.1298456 0.1427756 0.1280409 0.0997052 0.1036604 -0.0061829 0.0160056 0.0134294 0.0094756 -0.0022796 0.0203572 0.0049959 0.0123759 0.0765176 0.0742744 0.0753450 0.0696798 0.0715342 0.0734918 0.0799107 0.0716244 0.0826822 0.0636065 0.0662086 0.0833418 0.0684924 0.0716799 0.0787088 0.0771026 0.0569999 0.0569989 0.0668426 0.0597925 0.0649293 0.0683875 0.0589996 0.0601378 -0.0067578 0.0479514 0.0305338 0.0163133 0.0303717 0.0410893 0.0380748 0.0187426 0.0160461 0.0215992 0.0598501 0.0332111 0.0657221 0.0560673 0.0551180 0.0497940 0.0425119 0.0527858 0.0344455 0.0595764 0.0337936 0.0635132 0.0323227 0.0101558 0.0157788 0.0399893 0.0355897 0.0335116 0.0208479 0.0011292 0.0243617 -0.0545116 -0.0630128 0.0280015 0.0234496 0.0361364 -0.0136182 0.0165749 -0.1212683 0.0153234 -0.0215963 0.0017584 0.0026921 0.0323249 -0.0695089 0.0170156 -0.0902584 -0.2828639 -0.2859003 -0.2848649 -0.2817593 -0.2810028 -0.2796128 -0.2822739 -0.2838612 -0.2853082 -0.2888673 -0.2888658 -0.2891383 -0.2879815 -0.2898054 -0.2903976 -0.2887662 -0.2908069 -0.2897023
0.0925848 0.0978042 0.0957167 0.0942463 0.0934064 0.0944689 0.0977626 0.0974425 0.1333991 0.1218417 0.8672630 0.1342254 0.1276126 0.1236146 0.1018337 0.1013233 -0.0038955 0.0163555 0.0181564 0.0061828 -0.0015206 0.0198457 0.0049724 0.0094179 0.0749825 0.0730989 0.0756415 0.0697463 0.0730954 0.0737202 0.0814578 0.0701951 0.0811098 0.0627923 0.0650085 0.0828421 0.0724456 0.0724587 0.0779447 0.0740978 0.0590264 0.0584263 0.0680644 0.0586627 0.0647332 0.0705647 0.0589234 0.0591600 -0.0043958 0.0463108 0.0333075 0.0134934 0.0309462 0.0374586 0.0411631 0.0179322 0.0169723 0.0247869 0.0636664 0.0365491 0.0651694 0.0555156 0.0559270 0.0524837 0.0411075 0.0533724 0.0356727 0.0592126 0.0346525 0.0628978 0.0335837 0.0090406 0.0160519 0.0415099 0.0385660 0.0334094 0.0217812 0.0033496 0.0216540 -0.0536312 -0.0596133 0.0279218 0.0253412 0.0355314 -0.0127262 0.0141187 -0.1192248 0.0187491 -0.0225226 0.0044808 0.0051817 0.0354458 -0.0705989 0.0212974 -0.0910815 -0.2779864 -0.2830846 -0.2802274 -0.2777708 -0.2785040 -0.2771728 -0.2784561 -0.2813818 -0.2815791 -0.2838529 -0.2851329 -0.2855962 -0.2855231 -0.2873904 -0.2867931 -0.2878144 -0.2897739 -0.2861070
0.1019100 0.1026964 0.1011561 0.0963294 0.0994138 0.1025516 0.1058246 0.1069281 0.1324613 0.1298456 0.1342254 0.8631529 0.1343794 0.1297669 0.1008407 0.1073921 -0.0057488 0.0178103 0.0170011 0.0077230 -0.0036838 0.0224797 0.0058361 0.0091110 0.0755870 0.0724946 0.0770846 0.0693998 0.0719545 0.0730957 0.0809045 0.0717890 0.0819848 0.0642070 0.0690353 0.0858447 0.0730170 0.0717615 0.0787125 0.0750323 0.0605659 0.0574463 0.0701156 0.0582580 0.0673917 0.0692338 0.0617039 0.0583969 -0.0079356 0.0457892 0.0309146 0.0136172 0.0321532 0.0409196 0.0404233 0.0158853 0.0168548 0.0272316 0.0612321 0.0323309 0.0639095 0.0552998 0.0562317 0.0507516 0.0423890 0.0522960 0.0367154 0.0588763 0.0349976 0.0669041 0.0355898 0.0082235 0.0153877 0.0390312 0.0355309 0.0350319 0.0212649 -0.0009290 0.0243138 -0.0537889 -0.0616995 0.0272789 0.0237876 0.0328152 -0.0158234 0.0146806 -0.1198474 0.0161062 -0.0223776 0.0023164 0.0024915 0.0309617 -0.0684638 0.0157941 -0.0936906 -0.2857482 -0.2887225 -0.2859809 -0.2848364 -0.2849670 -0.2841500 -0.2850351 -0.2867050 -0.2896033 -0.2905729 -0.2906591 -0.2914546 -0.2919518 -0.2921259 -0.2923806 -0.2927328 -0.2945502 -0.2929571
0.0957770 0.1040488 0.1021070 0.0940904 0.0983611 0.0986068 0.1024947 0.1003649 0.1341867 0.1427756 0.1276126 0.1343794 0.8611295 0.1358360 0.1032929 0.1046701 -0.0081733 0.0170967 0.0167889 0.0069074 -0.0030787 0.0225449 0.0048390 0.0095935 0.0765162 0.0746406 0.0803025 0.0695095 0.0734385 0.0754014 0.0822857 0.0733492 0.0849336 0.0651854 0.0642999 0.0839771 0.0741146 0.0757493 0.0808276 0.0755790 0.0583779 0.0572772 0.0695644 0.0625939 0.0662185 0.0711632 0.0630447 0.0579294 -0.0056822 0.0492218 0.0281493 0.0175642 0.0341749 0.0365637 0.0421217 0.0171337 0.0157121 0.0243417 0.0638146 0.0334747 0.0690275 0.0564923 0.0574053 0.0505424 0.0453645 0.0543064 0.0346320 0.0588289 0.0347137 0.0662689 0.0340488 0.0109276 0.0132133 0.0432699 0.0374207 0.0357495 0.0221167 0.0025666 0.0249527 -0.0583938 -0.0636051 0.0268133 0.0217431 0.0366116 -0.0145306 0.0140845 -0.1239145 0.0163949 -0.0223446 0.0011446 0.0021864 0.0333416 -0.0731616 0.0190744 -0.0951018 -0.2882166 -0.2928211 -0.2898614 -0.2862777 -0.2864816 -0.2861510 -0.2881994 -0.2904368 -0.2916192 -0.2946113 -0.2953721 -0.2943220 -0.2958189 -0.2970786 -0.2968910 -0.2950780 -0.2986328 -0.2961797
0.0939207 0.0989799 0.0987078 0.0944742 0.0960946 0.0973166 0.1038220 0.1020122 0.1287748 0.1280409 0.1236146 0.1297669 0.1358360 0.8631914 0.1034510 0.0983957 -0.0022527 0.0178403 0.0190062 0.0053732 -0.0018999 0.0232127 0.0040444 0.0117485 0.0779391 0.0699862 0.0747800 0.0695831 0.0734533 0.0724018 0.0787141 0.0713418 0.0788124 0.0637118 0.0653838 0.0834006 0.0729060 0.0718250 0.0772584 0.0772907 0.0573716 0.0585969 0.0696388 0.0589918 0.0646926 0.0705509 0.0607168 0.0607537 -0.0054398 0.0470622 0.0302292 0.0146061 0.0300301 0.0369005 0.0408308 0.0189126 0.0143291 0.0237076 0.0629155 0.0340482 0.0669036 0.0552841 0.0558698 0.0522997 0.0425664 0.0517311 0.0335462 0.0609229 0.0349163 0.0641646 0.0328415 0.0076940 0.0145160 0.0419697 0.0384071 0.0370632 0.0242229 0.0013688 0.0231359 -0.0564995 -0.0618032 0.0254873 0.0227817 0.0345747 -0.0146538 0.0147132 -0.1213554 0.0157513 -0.0223231 0.0028857 0.0033523 0.0341013 -0.0719384 0.0237914 -0.0938163 -0.2830230 -0.2869487 -0.2843224 -0.2833641 -0.2829874 -0.2807974 -0.2835401 -0.2852902 -0.2867151 -0.2889519 -0.2894561 -0.2900354 -0.2887233 -0.2916962 -0.2918881 -0.2900543 -0.2917636 -0.2917436
0.0995705 0.1018897 0.1040084 0.0987045 0.1000313 0.1018170 0.1024373 0.1046659 0.1065950 0.0997052 0.1018337 0.1008407 0.1032929 0.1034510 0.8577079 0.1052560 -0.0015885 0.0163407 0.0171568 0.0044700 -0.0002128 0.0268823 0.0048631 0.0106252 0.0760667 0.0758972 0.0802415 0.0693928 0.0734937 0.0757389 0.0837977 0.0711219 0.0832565 0.0641807 0.0702052 0.0807387 0.0718622 0.0771477 0.0785497 0.0773807 0.0591899 0.0601405 0.0682679 0.0597037 0.0646049 0.0737071 0.0565727 0.0607815 -0.0046466 0.0484403 0.0338398 0.0158456 0.0321131 0.0421754 0.0437624 0.0161800 0.0188812 0.0286573 0.0643822 0.0370028 0.0673028 0.0573819 0.0555260 0.0499718 0.0431936 0.0513422 0.0360930 0.0613589 0.0343047 0.0663360 0.0356048 0.0129543 0.0168377 0.0408250 0.0372080 0.0338847 0.0222305 0.0019026 0.0254121 -0.0521263 -0.0597458 0.0308234 0.0293769 0.0376098 -0.0097726 0.0160700 -0.1216780 0.0186466 -0.0198184 0.0035390 0.0039457 0.0315734 -0.0656506 0.0188073 -0.0899101 -0.2808121 -0.2867864 -0.2854193 -0.2829167 -0.2821266 -0.2800802 -0.2840990 -0.2852004 -0.2855756 -0.2897949 -0.2890946 -0.2894645 -0.2892659 -0.2897437 -0.2912824 -0.2898992 -0.2915702 -0.2910192
0.0995831 0.1034020 0.1034035 0.0998495 0.1026627 0.1037819 0.1066673 0.1048998 0.1086416 0.1036604 0.1013233 0.1073921 0.1046701 0.0983957 0.1052560 0.8575903 -0.0069935 0.0163777 0.0158352 0.0088813 -0.0014627 0.0226498 0.0047454 0.0115641 0.0795034 0.0804308 0.0816394 0.0700559 0.0763652 0.0777119 0.0860342 0.0778040 0.0906292 0.0646664 0.0709970 0.0862332 0.0727369 0.0784784 0.0806024 0.0772955 0.0624596 0.0626383 0.0740984 0.0578828 0.0655586 0.0753544 0.0624202 0.0596693 -0.0022703 0.0483508 0.0342373 0.0157173 0.0330045 0.0432269 0.0427513 0.0163587 0.0175580 0.0281309 0.0644000 0.0374066 0.0705348 0.0585533 0.0581946 0.0530377 0.0456830 0.0562625 0.0374207 0.0610283 0.0342278 0.0673579 0.0390078 0.0111169 0.0179380 0.0451129 0.0372421 0.0399278 0.0246213 0.0018392 0.0260144 -0.0520661 -0.0600733 0.0307691 0.0252008 0.0351504 -0.0086623 0.0167540 -0.1228809 0.0196289 -0.0191620 0.0028236 0.0032612 0.0346815 -0.0488236 0.0174101 -0.0923070 -0.2865109 -0.2910804 -0.2888478 -0.2844478 -0.2863306 -0.2834390 -0.2865311 -0.2890001 -0.2906142 -0.2933128 -0.2937399 -0.2940870 -0.2938965 -0.2952626 -0.2960027 -0.2949263 -0.2961394 -0.2948239
-0.0024588 -0.0060777 -0.0014927 -0.0017687 -0.0054310 -0.0033657 -0.0057239 -0.0041425 -0.0047349 -0.0061829 -0.0038955 -0.0057488 -0.0081733 -0.0022527 -0.0015885 -0.0069935 0.9594408 0.0113382 0.0138417 0.0256731 0.0222092 0.0069352 0.0119606 0.0277195 -0.0108524 -0.0109470 -0.0118116 -0.0052723 -0.0125930 -0.0107901 -0.0141825 -0.0168997 -0.0153670 -0.0027015 -0.0043872 -0.0108634 -0.0066447 -0.0065405 -0.0105304 -0.0103773 -0.0026083 -0.0042028 -0.0140370 -0.0103073 -0.0118048 -0.0051348 -0.0033697 -0.0146804 0.0015338 -0.0119901 -0.0079150 -0.0037311 -0.0186917 -0.0046994 -0.0000611 -0.0112221 -0.0025100 -0.0108911 -0.0162506 -0.0087037 -0.0096772 -0.0159690 -0.0145941 -0.0112011 -0.0103740 -0.0098577 -0.0146951 -0.0142664 -0.0107979 -0.0116636 -0.0115316 -0.0060442 -0.0035640 -0.0071419 -0.0077038 -0.0129300 -0.0078219 -0.0129241 -0.0054995 -0.0025494 -0.0025103 -0.0075270 -0.0014269 -0.0079528 -0.0045439 -0.0111150 -0.0037980 -0.0058800 -0.0041134 -0.0210938 -0.0201123 -0.0191616 -0.0085506 -0.0027026 -0.0031624 0.0069999 0.0057888 0.0068668 0.0073015 0.0066973 0.0063713 0.0078795 0.0076122 0.0061423 0.0060969 0.0061143 0.0045651 0.0055306 0.0045301 0.0040671 0.0065102 -0.0001298 0.0041660
0.0162004 0.0202083 0.0152675 0.0167303 0.0178005 0.0156538 0.0175286 0.0151334 0.0169127 0.0160056 0.0163555 0.0178103 0.0170967 0.0178403 0.0163407 0.0163777 0.0113382 0.9295447 0.0268739 0.0227018 0.0142811 0.0186200 0.0171155 0.0192471 0.0078592 0.0006260 0.0043107 0.0035318 0.0082724 0.0029006 0.0036723 0.0013104 0.0045551 0.0099472 0.0015184 0.0037959 0.0057485 0.0052893 0.0049131 0.0021172 0.0068048 -0.0035452 0.0059921 0.0042581 0.0058735 0.0032694 0.0029270 0.0000290 -0.0089490 -0.0017788 0.0011644 -0.0136226 -0.0074390 0.0045764 -0.0067549 -0.0083262 -0.0043291 -0.0012567 -0.0001321 -0.0012685 0.0012297 -0.0039848 -0.0037812 -0.0000302 -0.0008326 -0.0020187 -0.0046596 -0.0005335 -0.0076310 0.0018052 -0.0046620 -0.0018445 -0.0025880 0.0018046 0.0009303 0.0078914 -0.0043043 -0.0033031 0.0025894 -0.0140827 -0.0169611 0.0013963 0.0024858 -0.0004440 -0.0033410 0.0023899 -0.0244421 -0.0057702 -0.0101605 -0.0107871 -0.0100555 -0.0008656 -0.0145562 -0.0079607 -0.0155094 -0.0484764 -0.0527162 -0.0504587 -0.0479714 -0.0494952 -0.0486486 -0.0509307 -0.0516213 -0.0495530 -0.0508451 -0.0527451 -0.0545843 -0.0553971 -0.0544689 -0.0536405 -0.0535987 -0.0575158 -0.0523907
0.0137647 0.0184352 0.0193011 0.0165071 0.0151672 0.0174205 0.0195468 0.0206288 0.0169182 0.0134294 0.0181564 0.0170011 0.0167889 0.0190062 0.0171568 0.0158352 0.0138417 0.0268739 0.9381507 0.0200175 0.0224817 0.0211737 0.0139145 0.0213844 0.0065987 0.0064890 0.0090467 0.0037398 0.0049055 0.0028066 0.0044867 0.0009688 0.0034639 0.0096670 -0.0028597 0.0091963 0.0037089 0.0038687 0.0046372 0.0078010 0.0041647 -0.0012470 0.0026036 0.0002353 0.0131716 0.0055752 0.0010018 0.0011310 -0.0039888 0.0019703 0.0000053 -0.0132999 -0.0014496 0.0030434 0.0002890 -0.0001622 -0.0080905 -0.0054773 -0.0014932 0.0016119 0.0004132 -0.0025428 -0.0010378 0.0055752 -0.0024121 -0.0017261 -0.0029130 0.0021160 -0.0100628 0.0026338 -0.0095878 -0.0115400 -0.0057195 0.0028271 -0.0008540 0.0002429 -0.0028616 -0.0092000 -0.0033314 -0.0118483 -0.0101738 -0.0053364 0.0054271 -0.0076557 -0.0086993 -0.0025380 -0.0288772 -0.0054539 -0.0220293 -0.0101808 -0.0109097 -0.0024458 -0.0184501 -0.0051168 -0.0243154 -0.0474518 -0.0512415 -0.0503379 -0.0485704 -0.0473299 -0.0475296 -0.0488840 -0.0492682 -0.0513892 -0.0491371 -0.0512376 -0.0537997 -0.0518664 -0.0521389 -0.0542450 -0.0512226 -0.0528672 -0.0543711
0.0062075 0.0088834 0.0034305 0.0043250 0.0052367 0.0052197 0.0089534 0.0067119 0.0098380 0.0094756 0.0061828 0.0077230 0.0069074 0.0053732 0.0044700 0.0088813 0.0256731 0.0227018 0.0200175 0.9607975 0.0143624 0.0258372 0.0307476 0.0187556 -0.0028776 -0.0046184 -0.0040526 -0.0046003 -0.0052277 -0.0067551 -0.0089927 -0.0082141 -0.0057359 0.0028820 -0.0055418 -0.0015160 0.0016173 -0.0049866 -0.0038438 -0.0061365 -0.0076759 -0.0094069 -0.0108196 -0.0068653 -0.0022715 -0.0080190 -0.0110416 -0.0020910 -0.0049062 -0.0028793 -0.0014642 -0.0047856 0.0006139 -0.0036376 -0.0063133 -0.0181099 -0.0072818 -0.0035490 -0.0070732 -0.0009478 -0.0071635 -0.0106980 -0.0100505 -0.0115533 -0.0037564 -0.0095866 -0.0057682 -0.0022665 -0.0155794 -0.0023803 -0.0111836 -0.0129692 -0.0079218 0.0071118 0.0002542 -0.0111727 -0.0100435 -0.0133422 -0.0088474 -0.0104368 -0.0232159 -0.0094770 -0.0172613 -0.0040614 -0.0166544 -0.0072875 -0.0101617 -0.0029326 -0.0067952 -0.0087022 -0.0083043 -0.0057428 -0.0060086 -0.0231752 -0.0089017 -0.0194247 -0.0228563 -0.0199650 -0.0185955 -0.0168747 -0.0195688 -0.0207897 -0.0172280 -0.0181861 -0.0194219 -0.0189549 -0.0210394 -0.0192461 -0.0217202 -0.0199640 -0.0204679 -0.0220013 -0.0240346
0.0019301 -0.0023691 -0.0014556 -0.0028980 -0.0016961 -0.0021254 -0.0013416 -0.0010372 -0.0025274 -0.0022796 -0.0015206 -0.0036838 -0.0030787 -0.0018999 -0.0002128 -0.0014627 0.0222092 0.0142811 0.0224817 0.0143624 0.9696407 0.0189208 0.0163555 0.0242050 -0.0111597 -0.0083113 -0.0043631 -0.0103574 -0.0111553 -0.0154768 -0.0090599 -0.0160926 -0.0157799 -0.0027235 -0.0138697 -0.0108030 -0.0160904 -0.0076624 -0.0111098 -0.0090425 -0.0047976 -0.0108181 -0.0132806 -0.0115168 -0.0084760 -0.0081462 -0.0095792 -0.0178637 -0.0022194 -0.0059311 -0.0115140 -0.0031109 -0.0079816 -0.0127899 -0.0151043 -0.0131741 -0.0104481 -0.0159392 -0.0176456 -0.0101387 -0.0136052 -0.0106597 -0.0117131 -0.0073388 -0.0112171 -0.0145783 -0.0122632 -0.0193822 -0.0150173 -0.0076108 -0.0100600 -0.0082082 -0.0076593 -0.0060571 -0.0058964 -0.0182498 -0.0097395 -0.0012885 -0.0130865 -0.0065586 -0.0074363 -0.0103369 -0.0098458 -0.0049886 -0.0109248 -0.0150745 0.0004461 -0.0065605 -0.0036768 -0.0147040 -0.0150175 -0.0052792 -0.0034967 -0.0029109 -0.0068486 0.0052442 0.0055488 0.0074476 0.0072864 0.0076509 0.0065613 0.0061547 0.0067382 0.0056172 0.0057067 0.0042027 0.0038049 0.0053075 0.0025777 0.0041618 0.0042987 0.0002842 0.0038642
0.0247175 0.0238232 0.0229626 0.0217075 0.0229620 0.0220367 0.0228995 0.0248564 0.0216632 0.0203572 0.0198457 0.0224797 0.0225449 0.0232127 0.0268823 0.0226498 0.0069352 0.0186200 0.0211737 0.0258372 0.0189208 0.9415616 0.0213478 0.0275295 0.0047191 0.0104386 0.0092490 0.0116972 0.0047032 0.0034386 0.0067969 0.0042644 0.0059969 0.0125600 0.0049010 0.0095291 0.0062645 0.0103040 0.0036314 0.0100278 0.0037906 -0.0009815 0.0046470 0.0039532 0.0085236 0.0038003 0.0015437 0.0043959 -0.0026825 -0.0001446 0.0052553 -0.0016980 0.0086994 0.0004501 -0.0025629 -0.0084866 -0.0089244 0.0025664 0.0066946 0.0056168 -0.0010115 0.0023245 0.0028886 0.0007575 -0.0051426 -0.0022163 -0.0050362 0.0044232 -0.0065860 0.0056539 -0.0096509 -0.0069072 -0.0047449 0.0064405 0.0023229 -0.0001986 -0.0005951 0.0010177 0.0109979 -0.0164056 -0.0237621 -0.0054306 -0.0077693 0.0051423 -0.0136327 -0.0007733 -0.0294073 -0.0028822 -0.0147849 -0.0050457 -0.0041163 -0.0011257 -0.0176136 -0.0079065 -0.0235802 -0.0630877 -0.0646464 -0.0642449 -0.0613576 -0.0617654 -0.0628112 -0.0606806 -0.0625001 -0.0641868 -0.0636562 -0.0633823 -0.0636601 -0.0627681 -0.0650653 -0.0632330 -0.0670248 -0.0666544 -0.0663707
0.0033429 0.0051603 0.0037723 0.0047167 0.0050496 0.0037968 0.0049154 0.0049151 0.0065027 0.0049959 0.0049724 0.0058361 0.0048390 0.0040444 0.0048631 0.0047454 0.0119606 0.0171155 0.0139145 0.0307476 0.0163555 0.0213478 0.9460896 0.0218846 -0.0041293 -0.0079366 -0.0070047 -0.0067848 -0.0067286 -0.0071642 -0.0029793 -0.0076714 -0.0063182 0.0014769 -0.0072913 -0.0073115 -0.0071619 -0.0054452 -0.0086390 -0.0060732 -0.0012787 -0.0070824 -0.0072508 -0.0049162 -0.0075524 -0.0036329 -0.0089295 -0.0063867 -0.0097174 -0.0040196 -0.0006759 -0.0041791 -0.0063860 -0.0056649 -0.0097680 -0.0098189 -0.0142189 0.0005693 -0.0052031 -0.0031205 -0.0109246 -0.0093984 -0.0077464 -0.0125569 -0.0105471 -0.0057211 -0.0113039 -0.0072002 -0.0129311 -0.0045673 -0.0161637 -0.0089752 -0.0114436 0.0021853 -0.0063308 -0.0124769 -0.0075790 -0.0116849 -0.0040737 -0.0049513 -0.0160192 -0.0060205 -0.0091766 -0.0004702 -0.0075434 -0.0063183 -0.0147101 0.0029531 -0.0044447 -0.0134569 -0.0127163 -0.0089808 -0.0100785 -0.0111513 -0.0069446 -0.0116968 -0.0121234 -0.0134923 -0.0081789 -0.0117785 -0.0089005 -0.0102705 -0.0104471 -0.0115419 -0.0110432 -0.0131764 -0.0140267 -0.0116439 -0.0125762 -0.0124400 -0.0139322 -0.0159783 -0.0110832
0.0147732 0.0099099 0.0101693 0.0130070 0.0112717 0.0105421 0.0072975 0.0074220 0.0108635 0.0123759 0.0094179 0.0091110 0.0095935 0.0117485 0.0106252 0.0115641 0.0277195 0.0192471 0.0213844 0.0187556 0.0242050 0.0275295 0.0218846 0.9425921 0.0038255 0.0077940 0.0004003 0.0052610 0.0007482 -0.0008526 -0.0001909 0.0015143 -0.0015670 0.0072230 -0.0047348 0.0035636 0.0029293 0.0058634 0.0035339 0.0002282 0.0048612 -0.0027384 -0.0025200 -0.0001222 0.0042645 0.0037009 0.0027052 -0.0056363 -0.0079001 -0.0017067 0.0027539 0.0003599 -0.0047167 -0.0018388 0.0025737 -0.0090471 -0.0053699 -0.0045380 -0.0028417 -0.0073575 0.0006469 -0.0024810 -0.0017831 -0.0064675 -0.0063565 -0.0071249 -0.0067508 -0.0054873 -0.0040155 0.0054656 -0.0050215 -0.0012786 -0.0019994 -0.0014392 -0.0013752 -0.0019228 0.0000998 -0.0016417 -0.0080536 -0.0131872 -0.0223075 -0.0074239 -0.0027023 -0.0025991 -0.0039529 -0.0078525 -0.0181208 -0.0084075 -0.0157007 -0.0042615 -0.0046387 -0.0069144 -0.0143533 -0.0070979 -0.0153197 -0.0396971 -0.0398700 -0.0411047 -0.0372592 -0.0367487 -0.0373394 -0.0366652 -0.0371609 -0.0380153 -0.0398698 -0.0398927 -0.0386794 -0.0427747 -0.0413985 -0.0404954 -0.0411050 -0.0429081 -0.0412748
0.0763264 0.0776768 0.0768302 0.0772819 0.0794750 0.0803370 0.0795783 0.0802654 0.0803633 0.0765176 0.0749825 0.0755870 0.0765162 0.0779391 0.0760667 0.0795034 -0.0108524 0.0078592 0.0065987 -0.0028776 -0.0111597 0.0047191 -0.0041293 0.0038255 0.8477594 0.0749536 0.0783410 0.0874633 0.0993713 0.1102068 0.1121023 0.0918670 0.0824327 0.0588289 0.0655134 0.0818337 0.0705747 0.0698865 0.0717714 0.0772810 0.0535416 0.0553733 0.0688086 0.0555096 0.0630802 0.0679443 0.0552492 0.0551893 -0.0041657 0.0401991 0.0264375 0.0175726 0.0280015 0.0379046 0.0345815 0.0222667 0.0204182 0.0227280 0.0612179 0.0339626 0.0603563 0.0504888 0.0506195 0.0545985 0.0438050 0.0533905 0.0367634 0.0566685 0.0427079 0.0652648 0.0388423 0.0137483 0.0140075 0.0377521 0.0359139 0.0397477 0.0234981 0.0070801 0.0206481 -0.0420552 -0.0560459 0.0293748 0.0308667 0.0394004 -0.0107082 0.0167548 -0.1115851 0.0232514 -0.0132981 0.0062299 0.0049552 0.0348570 -0.0658308 0.0223373 -0.0860531 -0.2617706 -0.2671946 -0.2624041 -0.2621274 -0.2611227 -0.2609441 -0.2602702 -0.2649367 -0.2646200 -0.2692520 -0.2682492 -0.2681490 -0.2707379 -0.2708569 -0.2711308 -0.2677917 -0.2716296 -0.2697402
0.0748599 0.0764652 0.0765031 0.0738523 0.0760903 0.0784339 0.0783821 0.0800465 0.0755406 0.0742744 0.0730989 0.0724946 0.0746406 0.0699862 0.0758972 0.0804308 -0.0109470 0.0006260 0.0064890 -0.0046184 -0.0083113 0.0104386 -0.0079366 0.0077940 0.0749536 0.8544973 0.1079485 0.0646309 0.0793889 0.0722797 0.0824919 0.0738410 0.0826061 0.0582044 0.0619763 0.0818725 0.0672366 0.0685454 0.0721606 0.0764070 0.0527282 0.0583944 0.0637064 0.0510290 0.0562732 0.0687422 0.0569093 0.0543630 -0.0001943 0.0476179 0.0310470 0.0163005 0.0381471 0.0436482 0.0467334 0.0165203 0.0214135 0.0260486 0.0620182 0.0367046 0.0722366 0.0573346 0.0568235 0.0528309 0.0436266 0.0504789 0.0321350 0.0547966 0.0358259 0.0631407 0.0352610 0.0131193 0.0203234 0.0413404 0.0413290 0.0332918 0.0263584 0.0037305 0.0269635 -0.0379194 -0.0504437 0.0344557 0.0264565 0.0409282 -0.0032500 0.0251344 -0.1178029 0.0225504 -0.0144971 0.0068456 0.0070820 0.0366138 -0.0594181 0.0191714 -0.0798220 -0.2546383 -0.2613570 -0.2588267 -0.2550731 -0.2569776 -0.2549179 -0.2586983 -0.2595893 -0.2596487 -0.2635617 -0.2626119 -0.2635862 -0.2635099 -0.2624020 -0.2668397 -0.2639411 -0.2643504 -0.2644090
0.0750622 0.0783803 0.0805212 0.0772998 0.0799696 0.0798818 0.0806988 0.0803097 0.0788782 0.0753450 0.0756415 0.0770846 0.0803025 0.0747800 0.0802415 0.0816394 -0.0118116 0.0043107 0.0090467 -0.0040526 -0.0043631 0.0092490 -0.0070047 0.0004003 0.0783410 0.1079485 0.8509198 0.0713114 0.0761103 0.0821690 0.0817655 0.0801372 0.0794454 0.0586661 0.0634580 0.0767996 0.0724553 0.0679225 0.0726419 0.0765252 0.0546075 0.0581190 0.0676633 0.0563491 0.0589493 0.0657917 0.0589117 0.0559450 -0.0030702 0.0447674 0.0248580 0.0197030 0.0324350 0.0362368 0.0400678 0.0153284 0.0200354 0.0291267 0.0614355 0.0418740 0.0681775 0.0567473 0.0561314 0.0592394 0.0494178 0.0478845 0.0362973 0.0558722 0.0387757 0.0669398 0.0432554 0.0137729 0.0131925 0.0409561 0.0417776 0.0380188 0.0232502 0.0037632 0.0255357 -0.0482703 -0.0543461 0.0350882 0.0286460 0.0372061 -0.0007690 0.0211775 -0.1109224 0.0203572 -0.0135147 0.0049221 0.0042813 0.0345996 -0.0606064 0.0250827 -0.0786485 -0.2610320 -0.2664912 -0.2629901 -0.2592075 -0.2616142 -0.2588235 -0.2615248 -0.2622459 -0.2642640 -0.2668879 -0.2663932 -0.2685839 -0.2680413 -0.2683302 -0.2696531 -0.2671114 -0.2697667 -0.2680956
0.0637745 0.0668900 0.0713427 0.0695146 0.0687281 0.0690727 0.0711944 0.0707056 0.0711368 0.0696798 0.0697463 0.0693998 0.0695095 0.0695831 0.0693928 0.0700559 -0.0052723 0.0035318 0.0037398 -0.0046003 -0.0103574 0.0116972 -0.0067848 0.0052610 0.0874633 0.0646309 0.0713114 0.8600090 0.0993164 0.0823206 0.0822109 0.0905653 0.0649496 0.0533366 0.0550327 0.0731675 0.0673741 0.0634426 0.0661029 0.0592660 0.0566301 0.0554793 0.0634733 0.0498647 0.0533552 0.0678194 0.0634424 0.0545841 -0.0060794 0.0373603 0.0318317 0.0180313 0.0342549 0.0433498 0.0367776 0.0113554 0.0207111 0.0208886 0.0575043 0.0289048 0.0612162 0.0523622 0.0529383 0.0501715 0.0399246 0.0452703 0.0260049 0.0550817 0.0363177 0.0614378 0.0317954 0.0157679 0.0230844 0.0321277 0.0336187 0.0317940 0.0202101 0.0015933 0.0180707 -0.0419075 -0.0490797 0.0276102 0.0257171 0.0332438 -0.0078005 0.0172960 -0.1029288 0.0188045 -0.0212931 0.0033965 0.0035276 0.0247700 -0.0639940 0.0174103 -0.0778209 -0.2385759 -0.2434120 -0.2423667 -0.2371170 -0.2370339 -0.2363253 -0.2388177 -0.2410231 -0.2431162 -0.2475456 -0.2443032 -0.2454920 -0.2464801 -0.2446421 -0.2479440 -0.2448792 -0.2482042 -0.2477798
0.0697077 0.0727725 0.0725474 0.0718323 0.0726652 0.0747443 0.0741501 0.0743151 0.0738931 0.0715342 0.0730954 0.0719545 0.0734385 0.0734533 0.0734937 0.0763652 -0.0125930 0.0082724 0.0049055 -0.0052277 -0.0111553 0.0047032 -0.0067286 0.0007482 0.0993713 0.0793889 0.0761103 0.0993164 0.8545851 0.0920854 0.0887933 0.0987204 0.0713575 0.0561978 0.0579236 0.0736738 0.0649275 0.0679446 0.0709549 0.0673462 0.0537651 0.0481915 0.0628172 0.0516793 0.0535165 0.0631167 0.0528656 0.0537870 0.0068445 0.0395629 0.0305757 0.0087667 0.0348302 0.0425986 0.0385142 0.0159253 0.0196999 0.0277459 0.0594883 0.0322761 0.0676354 0.0559296 0.0555675 0.0554331 0.0416175 0.0505080 0.0327073 0.0532241 0.0353784 0.0630738 0.0351924 0.0156169 0.0168221 0.0386270 0.0361900 0.0327541 0.0222695 0.0029911 0.0249453 -0.0403034 -0.0487644 0.0320298 0.0230480 0.0369497 -0.0082716 0.0132992 -0.1091293 0.0155163 -0.0155012 0.0075449 0.0077762 0.0293786 -0.0634328 0.0183016 -0.0793637 -0.2466810 -0.2537416 -0.2507857 -0.2484300 -0.2488290 -0.2474059 -0.2495210 -0.2525354 -0.2526367 -0.2553698 -0.2565830 -0.2551495 -0.2567854 -0.2564976 -0.2577485 -0.2565839 -0.2578824 -0.2574463
0.0718768 0.0750660 0.0777983 0.0740222 0.0760894 0.0783543 0.0797556 0.0772622 0.0778370 0.0734918 0.0737202 0.0730957 0.0754014 0.0724018 0.0757389 0.0777119 -0.0107901 0.0029006 0.0028066 -0.0067551 -0.0154768 0.0034386 -0.0071642 -0.0008526 0.1102068 0.0722797 0.0821690 0.0823206 0.0920854 0.8532414 0.1098852 0.0886733 0.0719024 0.0584119 0.0638798 0.0775038 0.0715663 0.0780988 0.0705496 0.0749500 0.0532064 0.0572185 0.0718979 0.0559951 0.0621678 0.0669837 0.0591678 0.0650464 -0.0004045 0.0398421 0.0264081 0.0183724 0.0340381 0.0401594 0.0466272 0.0168420 0.0174718 0.0251052 0.0597542 0.0324064 0.0700366 0.0589108 0.0597892 0.0591501 0.0425295 0.0524711 0.0353916 0.0657319 0.0431120 0.0699269 0.0398794 0.0133407 0.0208062 0.0352640 0.0328456 0.0449668 0.0206290 0.0056901 0.0246389 -0.0443850 -0.0513698 0.0358229 0.0296118 0.0369262 -0.0054264 0.0217357 -0.1143798 0.0215358 -0.0173219 0.0079261 0.0077297 0.0330562 -0.0629691 0.0213566 -0.0844657 -0.2590148 -0.2663061 -0.2621099 -0.2601124 -0.2604947 -0.2586481 -0.2603224 -0.2626857 -0.2629770 -0.2671846 -0.2668984 -0.2670229 -0.2664948 -0.2686908 -0.2678323 -0.2677113 -0.2697743 -0.2687085
0.0805303 0.0825370 0.0862635 0.0809860 0.0857530 0.0818842 0.0852399 0.0852486 0.0833867 0.0799107 0.0814578 0.0809045 0.0822857 0.0787141 0.0837977 0.0860342 -0.0141825 0.0036723 0.0044867 -0.0089927 -0.0090599 0.0067969 -0.0029793 -0.0001909 0.1121023 0.0824919 0.0817655 0.0822109 0.0887933 0.1098852 0.8521498 0.0910152 0.0831839 0.0630939 0.0675008 0.0870654 0.0776043 0.0802576 0.0810414 0.0814655 0.0616340 0.0600249 0.0754179 0.0587191 0.0651811 0.0783179 0.0617046 0.0659925 -0.0075012 0.0507812 0.0319684 0.0260674 0.0389815 0.0435513 0.0488969 0.0218377 0.0176709 0.0257144 0.0735783 0.0362459 0.0694694 0.0584260 0.0586519 0.0548696 0.0477076 0.0545641 0.0386806 0.0667829 0.0432682 0.0775007 0.0404440 0.0121036 0.0201065 0.0442891 0.0424772 0.0391713 0.0248611 0.0044115 0.0254766 -0.0454194 -0.0574517 0.0343258 0.0300693 0.0424691 -0.0089894 0.0209855 -0.1180460 0.0244596 -0.0159049 0.0106219 0.0104099 0.0371275 -0.0713479 0.0322072 -0.0908284 -0.2784891 -0.2845613 -0.2791287 -0.2784267 -0.2783582 -0.2762193 -0.2794104 -0.2809646 -0.2828038 -0.2851131 -0.2854556 -0.2852240 -0.2854999 -0.2866328 -0.2861146 -0.2868263 -0.2875060 -0.2859767
0.0690995 0.0740070 0.0731156 0.0715307 0.0735201 0.0721835 0.0753222 0.0753469 0.0756658 0.0716244 0.0701951 0.0717890 0.0733492 0.0713418 0.0711219 0.0778040 -0.0168997 0.0013104 0.0009688 -0.0082141 -0.0160926 0.0042644 -0.0076714 0.0015143 0.0918670 0.0738410 0.0801372 0.0905653 0.0987204 0.0886733 0.0910152 0.8518619 0.0769436 0.0557016 0.0561082 0.0795011 0.0685937 0.0668316 0.0724926 0.0662629 0.0503816 0.0540109 0.0631066 0.0510872 0.0555637 0.0670830 0.0571495 0.0544004 -0.0042127 0.0429212 0.0255007 0.0208771 0.0289794 0.0443029 0.0421960 0.0203699 0.0188060 0.0281129 0.0560744 0.0371614 0.0646464 0.0591504 0.0593353 0.0508025 0.0403693 0.0479214 0.0382285 0.0547760 0.0386609 0.0656418 0.0440870 0.0154426 0.0190760 0.0331036 0.0325562 0.0407594 0.0249604 0.0047988 0.0206309 -0.0397145 -0.0493154 0.0313006 0.0233902 0.0351704 -0.0058226 0.0175455 -0.1055776 0.0159052 -0.0124740 -0.0017876 -0.0012350 0.0291201 -0.0577574 0.0288668 -0.0787764 -0.2491776 -0.2538862 -0.2499605 -0.2485475 -0.2476196 -0.2474565 -0.2493083 -0.2513551 -0.2520342 -0.2545847 -0.2548712 -0.2564857 -0.2569376 -0.2576653 -0.2578973 -0.2569833 -0.2582546 -0.2563457
0.0805919 0.0801331 0.0840629 0.0814424 0.0834906 0.0852542 0.0858303 0.0871552 0.0844993 0.0826822 0.0811098 0.0819848 0.0849336 0.0788124 0.0832565 0.0906292 -0.0153670 0.0045551 0.0034639 -0.0057359 -0.0157799 0.0059969 -0.0063182 -0.0015670 0.0824327 0.0826061 0.0794454 0.0649496 0.0713575 0.0719024 0.0831839 0.0769436 0.8511250 0.0634946 0.0746376 0.0944748 0.0752910 0.0848838 0.0894451 0.0878774 0.0599605 0.0660272 0.0775146 0.0619238 0.0666815 0.0695237 0.0598954 0.0700177 0.0001238 0.0572741 0.0355438 0.0200320 0.0404015 0.0454013 0.0473972 0.0225348 0.0236384 0.0291741 0.0742895 0.0381725 0.0735304 0.0634496 0.0623663 0.0624039 0.0520800 0.0585844 0.0435284 0.0687158 0.0442613 0.0722996 0.0437797 0.0177724 0.0185884 0.0494404 0.0433449 0.0413536 0.0300591 0.0086341 0.0276932 -0.0421770 -0.0523099 0.0357461 0.0306003 0.0423128 -0.0038788 0.0293721 -0.1218516 0.0296967 -0.0112962 0.0096376 0.0092094 0.0376739 -0.0690880 0.0211973 -0.0789109 -0.2825041 -0.2848532 -0.2835374 -0.2821143 -0.2815505 -0.2796085 -0.2815388 -0.2848551 -0.2854706 -0.2898709 -0.2888970 -0.2897116 -0.2896213 -0.2905627 -0.2908017 -0.2885681 -0.2897984 -0.2901429
0.0625140 0.0647973 0.0657993 0.0629887 0.0653176 0.0649875 0.0673358 0.0669654 0.0656348 0.0636065 0.0627923 0.0642070 0.0651854 0.0637118 0.0641807 0.0646664 -0.0027015 0.0099472 0.0096670 0.0028820 -0.0027235 0.0125600 0.0014769 0.0072230 0.0588289 0.0582044 0.0586661 0.0533366 0.0561978 0.0584119 0.0630939 0.0557016 0.0634946 0.9223584 0.0515514 0.0630496 0.0559156 0.0563026 0.0594661 0.0584837 0.0457486 0.0463401 0.0543458 0.0438895 0.0485048 0.0535528 0.0470023 0.0495698 0.0022587 0.0389723 0.0278206 0.0158675 0.0301648 0.0326974 0.0357166 0.0163888 0.0181917 0.0219657 0.0518349 0.0303940 0.0548170 0.0475323 0.0474514 0.0436948 0.0373983 0.0424663 0.0310342 0.0503140 0.0324481 0.0522193 0.0326597 0.0137630 0.0166625 0.0355432 0.0336636 0.0308591 0.0229045 0.0078718 0.0233106 -0.0315461 -0.0370553 0.0273092 0.0239556 0.0327569 -0.0006569 0.0190391 -0.0836067 0.0206353 -0.0082557 0.0120298 0.0116289 0.0294490 -0.0459844 0.0201487 -0.0598507 -0.2003485 -0.2042066 -0.2018567 -0.2004676 -0.2002220 -0.1981543 -0.2003058 -0.2022394 -0.2035327 -0.2067857 -0.2058129 -0.2071563 -0.2066524 -0.2077321 -0.2083859 -0.2072091 -0.2090594 -0.2076141
