0.8523622 0.1383641 0.1016323 0.1263032 0.1023177 0.0996931 0.1041212 0.1063847 0.0999119 0.0972436 0.0925846 0.1019100 0.0957774 0.0939207 0.0995704 0.0995833 -0.0024588 0.0162004 0.0137646 0.0062074 0.0019301 0.0247175 0.0033429 0.0147732 0.0763267 0.0748598 0.0750625 0.0637745 0.0697070 0.0718769 0.0805303 0.0690992 0.0805917 0.0625133 0.0656637 0.0807442 0.0716718 0.0721507 0.0768605 0.0725399 0.0543737 0.0574914 0.0661497 0.0535107 0.0628106 0.0682596 0.0595741 0.0606699 -0.0038330 0.0467326 0.0290553 0.0151241 0.0300443 0.0384886 0.0382037 0.0174456 0.0168857 0.0215354 0.0629270 0.0345183 0.0674033 0.0548251 0.0544335 0.0545635 0.0384171 0.0528078 0.0326320 0.0609343 0.0334980 0.0644690 0.0343974 0.0093725 0.0135605 0.0419109 0.0350308 0.0318587 0.0257319 0.0030253 0.0222650 -0.0530072 -0.0591811 0.0266793 0.0231344 0.0353010 -0.0096431 0.0126509 -0.1220066 0.0182730 -0.0198864 0.0042404 0.0045754 0.0306691 -0.0659016 0.0185757 -0.0923951 -0.2767690 -0.2811999 -0.2791453 -0.2783898 -0.2773558 -0.2760729 -0.2766162 -0.2791732 -0.2802929 -0.2835030 -0.2842849 -0.2834624 -0.2836150 -0.2848672 -0.2859225 -0.2839363 -0.2861248 -0.2839140
0.1383641 0.8591337 0.1041605 0.1356330 0.1034132 0.1057481 0.1089828 0.1078038 0.1018688 0.1004083 0.0978040 0.1026968 0.1040492 0.0989798 0.1018896 0.1034023 -0.0060777 0.0202083 0.0184352 0.0088833 -0.0023691 0.0238232 0.0051603 0.0099099 0.0776770 0.0764650 0.0783806 0.0668898 0.0727717 0.0750661 0.0825369 0.0740067 0.0801332 0.0647966 0.0663070 0.0825559 0.0726063 0.0762098 0.0802954 0.0763588 0.0576696 0.0590050 0.0676659 0.0579038 0.0641257 0.0704980 0.0564807 0.0588567 -0.0043039 0.0518669 0.0293662 0.0145826 0.0312627 0.0379224 0.0394055 0.0175144 0.0148641 0.0235621 0.0648392 0.0365946 0.0668043 0.0576432 0.0576779 0.0554970 0.0427106 0.0544784 0.0369113 0.0591789 0.0333361 0.0661926 0.0350172 0.0090521 0.0140094 0.0417425 0.0362276 0.0371460 0.0237469 0.0017509 0.0248640 -0.0565021 -0.0605957 0.0268610 0.0231849 0.0337173 -0.0130366 0.0141181 -0.1249749 0.0214492 -0.0214137 0.0025739 0.0017921 0.0330453 -0.0689514 0.0225209 -0.0931955 -0.2856080 -0.2907839 -0.2874316 -0.2868087 -0.2864830 -0.2861175 -0.2850447 -0.2908463 -0.2899044 -0.2931126 -0.2913220 -0.2941141 -0.2922839 -0.2939284 -0.2938924 -0.2932999 -0.2954739 -0.2931364
0.1016323 0.1041605 0.8498300 0.1013485 0.1372271 0.1341742 0.1530266 0.1387010 0.1021009 0.1014013 0.0957164 0.1011559 0.1021070 0.0987075 0.1040082 0.1034034 -0.0014927 0.0152675 0.0193011 0.0034305 -0.0014556 0.0229625 0.0037723 0.0101692 0.0768303 0.0765029 0.0805213 0.0713424 0.0725466 0.0777982 0.0862632 0.0731151 0.0840625 0.0657984 0.0697966 0.0870896 0.0776142 0.0742980 0.0805095 0.0794197 0.0619549 0.0631240 0.0674962 0.0556040 0.0674568 0.0754230 0.0600574 0.0604957 -0.0070569 0.0472139 0.0334342 0.0138205 0.0330500 0.0389285 0.0402046 0.0181856 0.0193409 0.0224589 0.0622953 0.0356889 0.0684129 0.0564501 0.0580282 0.0514158 0.0389486 0.0493768 0.0353509 0.0603390 0.0343212 0.0638418 0.0349784 0.0110168 0.0142855 0.0441514 0.0394746 0.0346249 0.0240107 0.0006597 0.0244563 -0.0586737 -0.0660006 0.0288690 0.0266853 0.0347047 -0.0117558 0.0158656 -0.1246903 0.0140517 -0.0228244 0.0053272 0.0049792 0.0322210 -0.0714862 0.0205942 -0.0972197 -0.2892871 -0.2947016 -0.2920391 -0.2895096 -0.2888473 -0.2874811 -0.2892258 -0.2915142 -0.2938103 -0.2971542 -0.2962024 -0.2973629 -0.2964650 -0.2971287 -0.2988355 -0.2970368 -0.2992422 -0.2986503
0.1263032 0.1356330 0.1013485 0.8604700 0.0982009 0.1005675 0.1006853 0.1040059 0.0989461 0.0935039 0.0942461 0.0963295 0.0940905 0.0944741 0.0987044 0.0998494 -0.0017687 0.0167303 0.0165070 0.0043250 -0.0028980 0.0217074 0.0047167 0.0130070 0.0772820 0.0738521 0.0772999 0.0695145 0.0718315 0.0740222 0.0809859 0.0715303 0.0814423 0.0629880 0.0672639 0.0799066 0.0725905 0.0758699 0.0778236 0.0753080 0.0572826 0.0602397 0.0714480 0.0575685 0.0657645 0.0700684 0.0573641 0.0605910 -0.0029167 0.0494655 0.0333363 0.0140141 0.0310837 0.0386542 0.0422867 0.0172633 0.0182254 0.0247737 0.0644328 0.0383106 0.0652487 0.0555620 0.0569495 0.0555320 0.0429271 0.0504896 0.0328322 0.0621575 0.0334547 0.0667582 0.0352337 0.0127249 0.0130082 0.0425785 0.0380339 0.0340616 0.0250276 0.0038627 0.0242609 -0.0543357 -0.0589668 0.0277610 0.0276322 0.0370068 -0.0115434 0.0130683 -0.1231102 0.0193976 -0.0209953 0.0050789 0.0058669 0.0340380 -0.0672755 0.0206816 -0.0905331 -0.2795920 -0.2835516 -0.2800307 -0.2792553 -0.2801228 -0.2777663 -0.2789063 -0.2824046 -0.2831456 -0.2873782 -0.2855298 -0.2866806 -0.2864152 -0.2865350 -0.2873402 -0.2853591 -0.2890761 -0.2851923
0.1023177 0.1034132 0.1372271 0.0982009 0.8548365 0.1437912 0.1493280 0.1432865 0.0992424 0.0975185 0.0934061 0.0994137 0.0983612 0.0960944 0.1000310 0.1026627 -0.0054310 0.0178005 0.0151671 0.0052366 -0.0016960 0.0229619 0.0050496 0.0112716 0.0794752 0.0760900 0.0799696 0.0687278 0.0726642 0.0760893 0.0857526 0.0735196 0.0834902 0.0653167 0.0657967 0.0859386 0.0745451 0.0759684 0.0826483 0.0765639 0.0635230 0.0624515 0.0673280 0.0569925 0.0666348 0.0716361 0.0612551 0.0581253 -0.0037650 0.0493722 0.0308348 0.0172847 0.0309229 0.0397668 0.0398772 0.0171116 0.0177725 0.0230987 0.0636979 0.0312996 0.0689987 0.0606913 0.0587133 0.0535158 0.0440124 0.0536030 0.0354823 0.0582929 0.0352044 0.0692398 0.0352583 0.0089687 0.0123505 0.0440963 0.0398854 0.0359246 0.0238597 0.0004588 0.0243013 -0.0577890 -0.0657824 0.0287998 0.0238894 0.0342649 -0.0095141 0.0168656 -0.1246806 0.0165065 -0.0201499 0.0062957 0.0062524 0.0341019 -0.0701511 0.0178963 -0.0927600 -0.2883002 -0.2920121 -0.2887346 -0.2872455 -0.2873065 -0.2856769 -0.2869802 -0.2893090 -0.2901676 -0.2942060 -0.2947766 -0.2951279 -0.2944727 -0.2958618 -0.2961671 -0.2945317 -0.2978418 -0.2945807
0.0996931 0.1057481 0.1341742 0.1005675 0.1437912 0.8559429 0.1463323 0.1407040 0.1004213 0.0991573 0.0944689 0.1025521 0.0986075 0.0973168 0.1018172 0.1037822 -0.0033658 0.0156539 0.0174205 0.0052197 -0.0021254 0.0220367 0.0037968 0.0105421 0.0803374 0.0784340 0.0798822 0.0690728 0.0747436 0.0783544 0.0818842 0.0721834 0.0852542 0.0649869 0.0648770 0.0829314 0.0706792 0.0714969 0.0759351 0.0764195 0.0611035 0.0610157 0.0700711 0.0555186 0.0668293 0.0713809 0.0603334 0.0569864 -0.0050400 0.0465428 0.0277143 0.0165809 0.0308043 0.0395368 0.0377833 0.0191497 0.0134820 0.0213278 0.0608161 0.0325318 0.0677117 0.0558962 0.0564693 0.0547563 0.0419319 0.0535436 0.0345143 0.0567017 0.0370172 0.0675432 0.0319118 0.0085930 0.0119976 0.0425392 0.0379995 0.0343509 0.0245981 -0.0017968 0.0246897 -0.0573968 -0.0666642 0.0286092 0.0265379 0.0350887 -0.0124061 0.0188797 -0.1244026 0.0147707 -0.0208298 0.0024875 0.0013393 0.0330215 -0.0688360 0.0164591 -0.0922269 -0.2871607 -0.2903906 -0.2894616 -0.2871907 -0.2865733 -0.2852970 -0.2866170 -0.2902140 -0.2890669 -0.2956569 -0.2930034 -0.2939332 -0.2950544 -0.2958880 -0.2948461 -0.2930666 -0.2949789 -0.2956745
0.1041212 0.1089828 0.1530266 0.1006853 0.1493280 0.1463323 0.8553864 0.1543521 0.1036054 0.1031450 0.0977621 0.1058244 0.1024946 0.1038215 0.1024369 0.1066670 -0.0057239 0.0175286 0.0195467 0.0089533 -0.0013416 0.0228994 0.0049154 0.0072974 0.0795782 0.0783816 0.0806988 0.0711940 0.0741490 0.0797551 0.0852396 0.0753215 0.0858299 0.0673348 0.0698862 0.0866698 0.0727717 0.0767975 0.0819855 0.0820185 0.0625799 0.0607881 0.0692474 0.0571513 0.0660347 0.0717993 0.0607009 0.0584649 -0.0046990 0.0482749 0.0309435 0.0150975 0.0306405 0.0401815 0.0374458 0.0184046 0.0188113 0.0216262 0.0613862 0.0291312 0.0667106 0.0593088 0.0583170 0.0555985 0.0447315 0.0555198 0.0382049 0.0592338 0.0355048 0.0700719 0.0338483 0.0093171 0.0122039 0.0441895 0.0401709 0.0361219 0.0244716 0.0008855 0.0239401 -0.0590737 -0.0668033 0.0285112 0.0268474 0.0330847 -0.0116688 0.0164679 -0.1296392 0.0142794 -0.0220798 0.0045843 0.0043551 0.0313771 -0.0727740 0.0161922 -0.0988204 -0.2953883 -0.3008135 -0.2974445 -0.2971387 -0.2963535 -0.2933550 -0.2965848 -0.2993974 -0.2989993 -0.3039019 -0.3022283 -0.3047467 -0.3023371 -0.3047739 -0.3045099 -0.3039867 -0.3026740 -0.3038075
0.1063847 0.1078038 0.1387010 0.1040059 0.1432865 0.1407040 0.1543521 0.8572646 0.1046347 0.1002608 0.0974421 0.1069280 0.1003651 0.1020119 0.1046657 0.1048998 -0.0041425 0.0151333 0.0206287 0.0067119 -0.0010371 0.0248563 0.0049152 0.0074220 0.0802655 0.0800463 0.0803098 0.0707053 0.0743141 0.0772621 0.0852484 0.0753465 0.0871549 0.0669644 0.0683427 0.0872189 0.0750756 0.0770574 0.0821482 0.0798704 0.0638469 0.0615925 0.0706938 0.0583066 0.0649841 0.0745490 0.0600342 0.0602915 -0.0049338 0.0493465 0.0287786 0.0195333 0.0307694 0.0414790 0.0414588 0.0177832 0.0181475 0.0196506 0.0609151 0.0337971 0.0697688 0.0586578 0.0588737 0.0531183 0.0427619 0.0550407 0.0358373 0.0600988 0.0376894 0.0682043 0.0357857 0.0116115 0.0128257 0.0467934 0.0394010 0.0370662 0.0260642 0.0004627 0.0251064 -0.0582015 -0.0659170 0.0281655 0.0273738 0.0359214 -0.0081584 0.0169961 -0.1276620 0.0195722 -0.0216787 0.0053302 0.0046777 0.0335716 -0.0712807 0.0202488 -0.0941290 -0.2943452 -0.2988186 -0.2956299 -0.2942734 -0.2947426 -0.2929305 -0.2944647 -0.2978712 -0.2984751 -0.3020332 -0.3017008 -0.3014087 -0.3021079 -0.3027606 -0.3036743 -0.3013208 -0.3037832 -0.3022793
0.0999119 0.1018688 0.1021009 0.0989461 0.0992424 0.1004213 0.1036054 0.1046347 0.8579211 0.1310311 0.1333989 0.1324617 0.1341872 0.1287750 0.1065951 0.1086418 -0.0047349 0.0169128 0.0169182 0.0098379 -0.0025274 0.0216631 0.0065027 0.0108635 0.0803636 0.0755406 0.0788786 0.0711367 0.0738925 0.0778371 0.0833865 0.0756657 0.0844992 0.0656340 0.0659766 0.0841366 0.0732892 0.0748969 0.0780548 0.0771868 0.0607131 0.0561986 0.0674516 0.0617001 0.0688314 0.0722277 0.0633952 0.0612310 -0.0046225 0.0486865 0.0329053 0.0114230 0.0300001 0.0400272 0.0448942 0.0190393 0.0161043 0.0252916 0.0617429 0.0347474 0.0668873 0.0579915 0.0590575 0.0533666 0.0420557 0.0560223 0.0370743 0.0612227 0.0368249 0.0692466 0.0358887 0.0107712 0.0180572 0.0423483 0.0377653 0.0340183 0.0202783 0.0018459 0.0253431 -0.0566897 -0.0603091 0.0298725 0.0211409 0.0376009 -0.0128358 0.0148972 -0.1219867 0.0201104 -0.0211631 0.0000223 0.0004800 0.0354093 -0.0721556 0.0201916 -0.0945876 -0.2905458 -0.2941619 -0.2904739 -0.2898737 -0.2890854 -0.2886969 -0.2899041 -0.2929303 -0.2937981 -0.2969158 -0.2968529 -0.2958288 -0.2969916 -0.2980351 -0.2974316 -0.2978911 -0.3006298 -0.2969237
0.0972436 0.1004083 0.1014013 0.0935039 0.0975185 0.0991573 0.1031450 0.1002608 0.1310311 0.8538001 0.1218415 0.1298458 0.1427759 0.1280409 0.0997050 0.1036606 -0.0061829 0.0160057 0.0134294 0.0094756 -0.0022796 0.0203571 0.0049959 0.0123759 0.0765176 0.0742741 0.0753452 0.0696797 0.0715334 0.0734916 0.0799106 0.0716240 0.0826820 0.0636057 0.0662085 0.0833417 0.0684926 0.0716797 0.0787087 0.0771023 0.0570001 0.0569988 0.0668423 0.0597927 0.0649293 0.0683874 0.0589993 0.0601378 -0.0067578 0.0479511 0.0305339 0.0163133 0.0303717 0.0410891 0.0380749 0.0187425 0.0160461 0.0215993 0.0598500 0.0332110 0.0657223 0.0560674 0.0551180 0.0497938 0.0425120 0.0527858 0.0344453 0.0595765 0.0337935 0.0635129 0.0323226 0.0101557 0.0157788 0.0399892 0.0355895 0.0335115 0.0208478 0.0011292 0.0243617 -0.0545117 -0.0630128 0.0280014 0.0234496 0.0361363 -0.0136182 0.0165749 -0.1212682 0.0153233 -0.0215963 0.0017584 0.0026922 0.0323250 -0.0695085 0.0170155 -0.0902588 -0.2828638 -0.2859001 -0.2848651 -0.2817592 -0.2810022 -0.2796136 -0.2822750 -0.2838606 -0.2853072 -0.2888675 -0.2888654 -0.2891383 -0.2879808 -0.2898049 -0.2903974 -0.2887667 -0.2908067 -0.2897024
0.0925846 0.0978040 0.0957164 0.0942461 0.0934061 0.0944689 0.0977621 0.0974421 0.1333989 0.1218415 0.8672630 0.1342253 0.1276126 0.1236143 0.1018333 0.1013232 -0.0038955 0.0163555 0.0181563 0.0061827 -0.0015206 0.0198456 0.0049724 0.0094178 0.0749825 0.0730985 0.0756415 0.0697459 0.0730945 0.0737199 0.0814575 0.0701946 0.0811095 0.0627914 0.0650084 0.0828419 0.0724456 0.0724584 0.0779444 0.0740973 0.0590265 0.0584260 0.0680640 0.0586628 0.0647330 0.0705646 0.0589229 0.0591599 -0.0043958 0.0463104 0.0333075 0.0134933 0.0309461 0.0374583 0.0411630 0.0179321 0.0169723 0.0247869 0.0636663 0.0365490 0.0651695 0.0555155 0.0559267 0.0524834 0.0411075 0.0533724 0.0356724 0.0592126 0.0346523 0.0628975 0.0335835 0.0090405 0.0160519 0.0415098 0.0385658 0.0334093 0.0217810 0.0033496 0.0216540 -0.0536312 -0.0596132 0.0279217 0.0253412 0.0355313 -0.0127262 0.0141187 -0.1192248 0.0187490 -0.0225225 0.0044808 0.0051817 0.0354459 -0.0705984 0.0212973 -0.0910816 -0.2779857 -0.2830837 -0.2802275 -0.2777700 -0.2785021 -0.2771729 -0.2784559 -0.2813809 -0.2815776 -0.2838527 -0.2851319 -0.2855957 -0.2855216 -0.2873899 -0.2867926 -0.2878146 -0.2897732 -0.2861067
0.1019100 0.1026968 0.1011559 0.0963295 0.0994137 0.1025521 0.1058244 0.1069280 0.1324617 0.1298458 0.1342253 0.8631530 0.1343796 0.1297670 0.1008408 0.1073925 -0.0057488 0.0178104 0.0170010 0.0077230 -0.0036838 0.0224797 0.0058361 0.0091109 0.0755874 0.0724945 0.0770849 0.0693998 0.0719539 0.0730958 0.0809046 0.0717888 0.0819847 0.0642063 0.0690354 0.0858449 0.0730174 0.0717615 0.0787126 0.0750323 0.0605662 0.0574463 0.0701155 0.0582582 0.0673916 0.0692339 0.0617037 0.0583970 -0.0079356 0.0457891 0.0309147 0.0136172 0.0321533 0.0409196 0.0404235 0.0158853 0.0168549 0.0272317 0.0612322 0.0323310 0.0639099 0.0553000 0.0562319 0.0507515 0.0423892 0.0522962 0.0367152 0.0588765 0.0349976 0.0669041 0.0355898 0.0082235 0.0153877 0.0390312 0.0355308 0.0350319 0.0212649 -0.0009289 0.0243139 -0.0537890 -0.0616996 0.0272789 0.0237877 0.0328152 -0.0158234 0.0146806 -0.1198480 0.0161063 -0.0223775 0.0023164 0.0024916 0.0309620 -0.0684636 0.0157941 -0.0936911 -0.2857484 -0.2887228 -0.2859817 -0.2848372 -0.2849667 -0.2841510 -0.2850364 -0.2867054 -0.2896031 -0.2905742 -0.2906595 -0.2914552 -0.2919514 -0.2921261 -0.2923810 -0.2927335 -0.2945507 -0.2929581
0.0957774 0.1040492 0.1021070 0.0940905 0.0983612 0.0986075 0.1024946 0.1003651 0.1341872 0.1427759 0.1276126 0.1343796 0.8611296 0.1358362 0.1032930 0.1046706 -0.0081734 0.0170968 0.0167889 0.0069074 -0.0030787 0.0225448 0.0048390 0.0095935 0.0765167 0.0746408 0.0803029 0.0695095 0.0734380 0.0754017 0.0822857 0.0733491 0.0849338 0.0651848 0.0643000 0.0839773 0.0741150 0.0757495 0.0808279 0.0755789 0.0583782 0.0572771 0.0695643 0.0625942 0.0662188 0.0711635 0.0630445 0.0579296 -0.0056822 0.0492217 0.0281494 0.0175642 0.0341751 0.0365636 0.0421219 0.0171336 0.0157123 0.0243419 0.0638148 0.0334748 0.0690280 0.0564926 0.0574055 0.0505424 0.0453646 0.0543067 0.0346318 0.0588291 0.0347137 0.0662689 0.0340488 0.0109276 0.0132133 0.0432700 0.0374207 0.0357496 0.0221168 0.0025666 0.0249528 -0.0583939 -0.0636052 0.0268134 0.0217432 0.0366116 -0.0145307 0.0140845 -0.1239150 0.0163949 -0.0223446 0.0011447 0.0021865 0.0333418 -0.0731614 0.0190744 -0.0951025 -0.2882179 -0.2928216 -0.2898629 -0.2862790 -0.2864813 -0.2861521 -0.2882011 -0.2904373 -0.2916189 -0.2946121 -0.2953732 -0.2943230 -0.2958189 -0.2970791 -0.2968920 -0.2950796 -0.2986341 -0.2961808
0.0939207 0.0989798 0.0987075 0.0944741 0.0960944 0.0973168 0.1038215 0.1020119 0.1287750 0.1280409 0.1236143 0.1297670 0.1358362 0.8631914 0.1034508 0.0983958 -0.0022527 0.0178403 0.0190062 0.0053731 -0.0018999 0.0232126 0.0040444 0.0117484 0.0779392 0.0699859 0.0747802 0.0695829 0.0734524 0.0724017 0.0787140 0.0713414 0.0788122 0.0637109 0.0653837 0.0834005 0.0729062 0.0718248 0.0772581 0.0772904 0.0573717 0.0585968 0.0696384 0.0589919 0.0646925 0.0705508 0.0607163 0.0607536 -0.0054398 0.0470619 0.0302292 0.0146061 0.0300301 0.0369003 0.0408309 0.0189125 0.0143291 0.0237077 0.0629155 0.0340482 0.0669039 0.0552841 0.0558698 0.0522995 0.0425665 0.0517311 0.0335460 0.0609229 0.0349163 0.0641644 0.0328412 0.0076939 0.0145160 0.0419697 0.0384069 0.0370631 0.0242229 0.0013688 0.0231360 -0.0564995 -0.0618032 0.0254873 0.0227818 0.0345746 -0.0146538 0.0147133 -0.1213554 0.0157512 -0.0223230 0.0028858 0.0033523 0.0341014 -0.0719380 0.0237913 -0.0938167 -0.2830234 -0.2869484 -0.2843231 -0.2833639 -0.2829864 -0.2807983 -0.2835408 -0.2852896 -0.2867137 -0.2889521 -0.2894560 -0.2900352 -0.2887222 -0.2916954 -0.2918884 -0.2900549 -0.2917637 -0.2917442
0.0995704 0.1018896 0.1040082 0.0987044 0.1000310 0.1018172 0.1024369 0.1046657 0.1065951 0.0997050 0.1018333 0.1008408 0.1032930 0.1034508 0.8577079 0.1052560 -0.0015885 0.0163407 0.0171568 0.0044699 -0.0002128 0.0268823 0.0048631 0.0106251 0.0760668 0.0758971 0.0802415 0.0693925 0.0734930 0.0757389 0.0837974 0.0711215 0.0832561 0.0641798 0.0702052 0.0807386 0.0718623 0.0771476 0.0785496 0.0773803 0.0591900 0.0601403 0.0682676 0.0597038 0.0646048 0.0737070 0.0565724 0.0607815 -0.0046467 0.0484401 0.0338397 0.0158456 0.0321131 0.0421752 0.0437624 0.0161799 0.0188813 0.0286574 0.0643821 0.0370027 0.0673031 0.0573820 0.0555260 0.0499716 0.0431937 0.0513422 0.0360928 0.0613589 0.0343045 0.0663359 0.0356046 0.0129543 0.0168377 0.0408249 0.0372078 0.0338846 0.0222305 0.0019026 0.0254122 -0.0521264 -0.0597458 0.0308234 0.0293769 0.0376097 -0.0097726 0.0160700 -0.1216780 0.0186465 -0.0198183 0.0035390 0.0039457 0.0315735 -0.0656503 0.0188072 -0.0899104 -0.2808121 -0.2867858 -0.2854198 -0.2829165 -0.2821257 -0.2800804 -0.2840992 -0.2851993 -0.2855744 -0.2897950 -0.2890943 -0.2894641 -0.2892651 -0.2897432 -0.2912825 -0.2898994 -0.2915704 -0.2910194
0.0995833 0.1034023 0.1034034 0.0998494 0.1026627 0.1037822 0.1066670 0.1048998 0.1086418 0.1036606 0.1013232 0.1073925 0.1046706 0.0983958 0.1052560 0.8575904 -0.0069935 0.0163777 0.0158352 0.0088812 -0.0014627 0.0226497 0.0047454 0.0115641 0.0795038 0.0804308 0.0816398 0.0700559 0.0763646 0.0777120 0.0860341 0.0778038 0.0906293 0.0646658 0.0709971 0.0862332 0.0727372 0.0784784 0.0806024 0.0772954 0.0624599 0.0626383 0.0740982 0.0578830 0.0655587 0.0753545 0.0624200 0.0596696 -0.0022703 0.0483506 0.0342373 0.0157173 0.0330046 0.0432268 0.0427513 0.0163586 0.0175581 0.0281310 0.0644002 0.0374067 0.0705352 0.0585534 0.0581946 0.0530376 0.0456832 0.0562626 0.0374206 0.0610284 0.0342277 0.0673579 0.0390076 0.0111169 0.0179380 0.0451129 0.0372420 0.0399278 0.0246213 0.0018392 0.0260145 -0.0520662 -0.0600734 0.0307692 0.0252009 0.0351504 -0.0086624 0.0167540 -0.1228812 0.0196289 -0.0191620 0.0028237 0.0032613 0.0346816 -0.0488234 0.0174100 -0.0923074 -0.2865109 -0.2910805 -0.2888488 -0.2844481 -0.2863304 -0.2834399 -0.2865325 -0.2890001 -0.2906136 -0.2933142 -0.2937403 -0.2940877 -0.2938961 -0.2952627 -0.2960031 -0.2949269 -0.2961398 -0.2948245
-0.0024588 -0.0060777 -0.0014927 -0.0017687 -0.0054310 -0.0033658 -0.0057239 -0.0041425 -0.0047349 -0.0061829 -0.0038955 -0.0057488 -0.0081734 -0.0022527 -0.0015885 -0.0069935 0.9594408 0.0113381 0.0138417 0.0256731 0.0222093 0.0069352 0.0119607 0.0277195 -0.0108524 -0.0109470 -0.0118116 -0.0052723 -0.0125930 -0.0107901 -0.0141825 -0.0168997 -0.0153670 -0.0027014 -0.0043872 -0.0108634 -0.0066447 -0.0065405 -0.0105304 -0.0103773 -0.0026083 -0.0042028 -0.0140370 -0.0103073 -0.0118048 -0.0051348 -0.0033697 -0.0146805 0.0015338 -0.0119901 -0.0079150 -0.0037311 -0.0186917 -0.0046994 -0.0000611 -0.0112221 -0.0025100 -0.0108911 -0.0162506 -0.0087038 -0.0096772 -0.0159690 -0.0145941 -0.0112011 -0.0103740 -0.0098577 -0.0146951 -0.0142664 -0.0107979 -0.0116636 -0.0115316 -0.0060442 -0.0035640 -0.0071419 -0.0077038 -0.0129300 -0.0078219 -0.0129241 -0.0054995 -0.0025493 -0.0025103 -0.0075270 -0.0014270 -0.0079528 -0.0045439 -0.0111150 -0.0037980 -0.0058800 -0.0041134 -0.0210937 -0.0201123 -0.0191616 -0.0085506 -0.0027026 -0.0031624 0.0069999 0.0057888 0.0068669 0.0073016 0.0066974 0.0063714 0.0078795 0.0076122 0.0061423 0.0060970 0.0061143 0.0045651 0.0055306 0.0045301 0.0040671 0.0065102 -0.0001297 0.0041660
0.0162004 0.0202083 0.0152675 0.0167303 0.0178005 0.0156539 0.0175286 0.0151333 0.0169128 0.0160057 0.0163555 0.0178104 0.0170968 0.0178403 0.0163407 0.0163777 0.0113381 0.9295447 0.0268739 0.0227018 0.0142811 0.0186200 0.0171155 0.0192471 0.0078592 0.0006260 0.0043107 0.0035318 0.0082723 0.0029007 0.0036723 0.0013104 0.0045551 0.0099471 0.0015184 0.0037959 0.0057486 0.0052893 0.0049132 0.0021172 0.0068048 -0.0035452 0.0059920 0.0042581 0.0058735 0.0032694 0.0029269 0.0000290 -0.0089491 -0.0017788 0.0011645 -0.0136226 -0.0074390 0.0045764 -0.0067548 -0.0083262 -0.0043290 -0.0012567 -0.0001321 -0.0012685 0.0012298 -0.0039848 -0.0037811 -0.0000302 -0.0008326 -0.0020186 -0.0046596 -0.0005335 -0.0076310 0.0018052 -0.0046620 -0.0018445 -0.0025880 0.0018046 0.0009303 0.0078914 -0.0043043 -0.0033030 0.0025894 -0.0140827 -0.0169612 0.0013963 0.0024858 -0.0004440 -0.0033411 0.0023899 -0.0244422 -0.0057702 -0.0101605 -0.0107871 -0.0100555 -0.0008656 -0.0145562 -0.0079607 -0.0155095 -0.0484765 -0.0527162 -0.0504589 -0.0479715 -0.0494951 -0.0486488 -0.0509309 -0.0516214 -0.0495528 -0.0508453 -0.0527452 -0.0545845 -0.0553970 -0.0544689 -0.0536405 -0.0535988 -0.0575159 -0.0523909
0.0137646 0.0184352 0.0193011 0.0165070 0.0151671 0.0174205 0.0195467 0.0206287 0.0169182 0.0134294 0.0181563 0.0170010 0.0167889 0.0190062 0.0171568 0.0158352 0.0138417 0.0268739 0.9381508 0.0200175 0.0224817 0.0211737 0.0139145 0.0213844 0.0065987 0.0064889 0.0090467 0.0037397 0.0049053 0.0028065 0.0044867 0.0009687 0.0034639 0.0096669 -0.0028598 0.0091962 0.0037089 0.0038686 0.0046371 0.0078009 0.0041647 -0.0012470 0.0026035 0.0002353 0.0131716 0.0055751 0.0010017 0.0011310 -0.0039889 0.0019702 0.0000053 -0.0132999 -0.0014496 0.0030434 0.0002890 -0.0001622 -0.0080906 -0.0054774 -0.0014933 0.0016119 0.0004132 -0.0025429 -0.0010378 0.0055752 -0.0024121 -0.0017262 -0.0029131 0.0021159 -0.0100628 0.0026337 -0.0095879 -0.0115400 -0.0057195 0.0028271 -0.0008541 0.0002429 -0.0028616 -0.0092000 -0.0033314 -0.0118483 -0.0101738 -0.0053364 0.0054271 -0.0076557 -0.0086993 -0.0025380 -0.0288771 -0.0054540 -0.0220292 -0.0101808 -0.0109097 -0.0024458 -0.0184500 -0.0051168 -0.0243154 -0.0474516 -0.0512413 -0.0503378 -0.0485703 -0.0473295 -0.0475296 -0.0488840 -0.0492680 -0.0513888 -0.0491370 -0.0512373 -0.0537996 -0.0518661 -0.0521388 -0.0542448 -0.0512225 -0.0528670 -0.0543711
0.0062074 0.0088833 0.0034305 0.0043250 0.0052366 0.0052197 0.0089533 0.0067119 0.0098379 0.0094756 0.0061827 0.0077230 0.0069074 0.0053731 0.0044699 0.0088812 0.0256731 0.0227018 0.0200175 0.9607975 0.0143624 0.0258372 0.0307476 0.0187556 -0.0028777 -0.0046184 -0.0040527 -0.0046003 -0.0052278 -0.0067552 -0.0089927 -0.0082142 -0.0057360 0.0028820 -0.0055419 -0.0015160 0.0016173 -0.0049866 -0.0038438 -0.0061365 -0.0076759 -0.0094069 -0.0108196 -0.0068653 -0.0022715 -0.0080190 -0.0110416 -0.0020910 -0.0049062 -0.0028793 -0.0014642 -0.0047857 0.0006139 -0.0036376 -0.0063133 -0.0181099 -0.0072818 -0.0035490 -0.0070732 -0.0009479 -0.0071636 -0.0106980 -0.0100505 -0.0115533 -0.0037564 -0.0095867 -0.0057682 -0.0022665 -0.0155794 -0.0023803 -0.0111836 -0.0129692 -0.0079218 0.0071117 0.0002541 -0.0111727 -0.0100435 -0.0133422 -0.0088474 -0.0104368 -0.0232159 -0.0094770 -0.0172613 -0.0040615 -0.0166544 -0.0072875 -0.0101617 -0.0029326 -0.0067952 -0.0087022 -0.0083043 -0.0057428 -0.0060085 -0.0231752 -0.0089017 -0.0194245 -0.0228562 -0.0199649 -0.0185954 -0.0168745 -0.0195687 -0.0207897 -0.0172278 -0.0181859 -0.0194218 -0.0189548 -0.0210393 -0.0192459 -0.0217201 -0.0199639 -0.0204678 -0.0220012 -0.0240346
0.0019301 -0.0023691 -0.0014556 -0.0028980 -0.0016960 -0.0021254 -0.0013416 -0.0010371 -0.0025274 -0.0022796 -0.0015206 -0.0036838 -0.0030787 -0.0018999 -0.0002128 -0.0014627 0.0222093 0.0142811 0.0224817 0.0143624 0.9696407 0.0189208 0.0163555 0.0242051 -0.0111597 -0.0083113 -0.0043631 -0.0103574 -0.0111553 -0.0154767 -0.0090599 -0.0160926 -0.0157799 -0.0027235 -0.0138697 -0.0108030 -0.0160904 -0.0076624 -0.0111098 -0.0090425 -0.0047976 -0.0108181 -0.0132806 -0.0115169 -0.0084760 -0.0081462 -0.0095792 -0.0178637 -0.0022194 -0.0059311 -0.0115140 -0.0031109 -0.0079816 -0.0127900 -0.0151043 -0.0131741 -0.0104481 -0.0159392 -0.0176456 -0.0101387 -0.0136052 -0.0106597 -0.0117132 -0.0073388 -0.0112171 -0.0145783 -0.0122632 -0.0193822 -0.0150173 -0.0076108 -0.0100600 -0.0082082 -0.0076593 -0.0060571 -0.0058964 -0.0182498 -0.0097395 -0.0012885 -0.0130865 -0.0065586 -0.0074363 -0.0103369 -0.0098458 -0.0049886 -0.0109248 -0.0150745 0.0004461 -0.0065605 -0.0036768 -0.0147041 -0.0150175 -0.0052792 -0.0034968 -0.0029109 -0.0068486 0.0052442 0.0055488 0.0074476 0.0072863 0.0076508 0.0065613 0.0061547 0.0067382 0.0056172 0.0057067 0.0042027 0.0038049 0.0053075 0.0025776 0.0041618 0.0042987 0.0002842 0.0038642
0.0247175 0.0238232 0.0229625 0.0217074 0.0229619 0.0220367 0.0228994 0.0248563 0.0216631 0.0203571 0.0198456 0.0224797 0.0225448 0.0232126 0.0268823 0.0226497 0.0069352 0.0186200 0.0211737 0.0258372 0.0189208 0.9415616 0.0213478 0.0275294 0.0047191 0.0104385 0.0092490 0.0116971 0.0047030 0.0034385 0.0067968 0.0042644 0.0059968 0.0125598 0.0049010 0.0095291 0.0062645 0.0103039 0.0036313 0.0100277 0.0037906 -0.0009816 0.0046469 0.0039532 0.0085236 0.0038003 0.0015436 0.0043959 -0.0026825 -0.0001447 0.0052553 -0.0016980 0.0086994 0.0004501 -0.0025630 -0.0084866 -0.0089244 0.0025664 0.0066945 0.0056168 -0.0010115 0.0023245 0.0028886 0.0007575 -0.0051426 -0.0022163 -0.0050363 0.0044231 -0.0065861 0.0056539 -0.0096510 -0.0069073 -0.0047449 0.0064404 0.0023229 -0.0001986 -0.0005952 0.0010177 0.0109979 -0.0164056 -0.0237621 -0.0054306 -0.0077693 0.0051423 -0.0136328 -0.0007733 -0.0294072 -0.0028822 -0.0147849 -0.0050457 -0.0041163 -0.0011257 -0.0176135 -0.0079065 -0.0235802 -0.0630875 -0.0646462 -0.0642450 -0.0613575 -0.0617651 -0.0628112 -0.0606806 -0.0625000 -0.0641864 -0.0636562 -0.0633821 -0.0636600 -0.0627678 -0.0650650 -0.0632329 -0.0670248 -0.0666542 -0.0663707
0.0033429 0.0051603 0.0037723 0.0047167 0.0050496 0.0037968 0.0049154 0.0049152 0.0065027 0.0049959 0.0049724 0.0058361 0.0048390 0.0040444 0.0048631 0.0047454 0.0119607 0.0171155 0.0139145 0.0307476 0.0163555 0.0213478 0.9460896 0.0218846 -0.0041293 -0.0079366 -0.0070047 -0.0067848 -0.0067286 -0.0071642 -0.0029792 -0.0076714 -0.0063182 0.0014769 -0.0072913 -0.0073115 -0.0071619 -0.0054452 -0.0086390 -0.0060732 -0.0012787 -0.0070824 -0.0072508 -0.0049162 -0.0075524 -0.0036329 -0.0089296 -0.0063867 -0.0097174 -0.0040196 -0.0006759 -0.0041791 -0.0063860 -0.0056649 -0.0097680 -0.0098189 -0.0142189 0.0005693 -0.0052031 -0.0031205 -0.0109246 -0.0093985 -0.0077464 -0.0125569 -0.0105471 -0.0057211 -0.0113039 -0.0072002 -0.0129311 -0.0045673 -0.0161637 -0.0089752 -0.0114436 0.0021853 -0.0063308 -0.0124769 -0.0075790 -0.0116849 -0.0040737 -0.0049514 -0.0160192 -0.0060205 -0.0091766 -0.0004702 -0.0075434 -0.0063183 -0.0147101 0.0029531 -0.0044446 -0.0134570 -0.0127163 -0.0089808 -0.0100784 -0.0111513 -0.0069446 -0.0116967 -0.0121234 -0.0134924 -0.0081789 -0.0117785 -0.0089005 -0.0102705 -0.0104471 -0.0115419 -0.0110432 -0.0131764 -0.0140267 -0.0116439 -0.0125762 -0.0124400 -0.0139322 -0.0159783 -0.0110833
0.0147732 0.0099099 0.0101692 0.0130070 0.0112716 0.0105421 0.0072974 0.0074220 0.0108635 0.0123759 0.0094178 0.0091109 0.0095935 0.0117484 0.0106251 0.0115641 0.0277195 0.0192471 0.0213844 0.0187556 0.0242051 0.0275294 0.0218846 0.9425923 0.0038255 0.0077939 0.0004003 0.0052609 0.0007481 -0.0008526 -0.0001909 0.0015143 -0.0015671 0.0072229 -0.0047348 0.0035636 0.0029293 0.0058634 0.0035338 0.0002281 0.0048612 -0.0027384 -0.0025200 -0.0001222 0.0042645 0.0037009 0.0027052 -0.0056364 -0.0079001 -0.0017067 0.0027539 0.0003599 -0.0047167 -0.0018388 0.0025737 -0.0090471 -0.0053698 -0.0045380 -0.0028417 -0.0073575 0.0006469 -0.0024810 -0.0017831 -0.0064676 -0.0063565 -0.0071249 -0.0067509 -0.0054873 -0.0040156 0.0054656 -0.0050215 -0.0012786 -0.0019994 -0.0014392 -0.0013753 -0.0019228 0.0000997 -0.0016417 -0.0080535 -0.0131872 -0.0223075 -0.0074239 -0.0027023 -0.0025992 -0.0039530 -0.0078525 -0.0181208 -0.0084075 -0.0157007 -0.0042616 -0.0046387 -0.0069144 -0.0143532 -0.0070979 -0.0153197 -0.0396970 -0.0398699 -0.0411047 -0.0372591 -0.0367485 -0.0373394 -0.0366652 -0.0371608 -0.0380151 -0.0398698 -0.0398926 -0.0386793 -0.0427745 -0.0413984 -0.0404954 -0.0411051 -0.0429081 -0.0412748
0.0763267 0.0776770 0.0768303 0.0772820 0.0794752 0.0803374 0.0795782 0.0802655 0.0803636 0.0765176 0.0749825 0.0755874 0.0765167 0.0779392 0.0760668 0.0795038 -0.0108524 0.0078592 0.0065987 -0.0028777 -0.0111597 0.0047191 -0.0041293 0.0038255 0.8477594 0.0749536 0.0783414 0.0874633 0.0993707 0.1102069 0.1121023 0.0918670 0.0824327 0.0588284 0.0655135 0.0818340 0.0705752 0.0698867 0.0717715 0.0772812 0.0535420 0.0553733 0.0688086 0.0555099 0.0630805 0.0679444 0.0552490 0.0551894 -0.0041657 0.0401991 0.0264376 0.0175727 0.0280017 0.0379045 0.0345817 0.0222666 0.0204183 0.0227281 0.0612181 0.0339626 0.0603569 0.0504891 0.0506196 0.0545985 0.0438051 0.0533907 0.0367634 0.0566688 0.0427080 0.0652650 0.0388423 0.0137483 0.0140076 0.0377522 0.0359139 0.0397478 0.0234982 0.0070801 0.0206482 -0.0420554 -0.0560460 0.0293749 0.0308668 0.0394004 -0.0107082 0.0167548 -0.1115856 0.0232515 -0.0132981 0.0062299 0.0049552 0.0348573 -0.0658307 0.0223373 -0.0860536 -0.2617711 -0.2671950 -0.2624049 -0.2621284 -0.2611228 -0.2609448 -0.2602718 -0.2649370 -0.2646195 -0.2692534 -0.2682496 -0.2681494 -0.2707385 -0.2708575 -0.2711316 -0.2677933 -0.2716305 -0.2697417
0.0748598 0.0764650 0.0765029 0.0738521 0.0760900 0.0784340 0.0783816 0.0800463 0.0755406 0.0742741 0.0730985 0.0724945 0.0746408 0.0699859 0.0758971 0.0804308 -0.0109470 0.0006260 0.0064889 -0.0046184 -0.0083113 0.0104385 -0.0079366 0.0077939 0.0749536 0.8544973 0.1079487 0.0646304 0.0793880 0.0722794 0.0824916 0.0738405 0.0826058 0.0582036 0.0619762 0.0818724 0.0672365 0.0685452 0.0721605 0.0764067 0.0527282 0.0583943 0.0637059 0.0510292 0.0562729 0.0687422 0.0569088 0.0543629 -0.0001944 0.0476176 0.0310470 0.0163005 0.0381470 0.0436480 0.0467333 0.0165202 0.0214135 0.0260485 0.0620181 0.0367046 0.0722367 0.0573346 0.0568234 0.0528306 0.0436266 0.0504788 0.0321348 0.0547966 0.0358258 0.0631406 0.0352608 0.0131192 0.0203233 0.0413403 0.0413289 0.0332917 0.0263583 0.0037305 0.0269634 -0.0379194 -0.0504436 0.0344556 0.0264565 0.0409280 -0.0032500 0.0251344 -0.1178028 0.0225504 -0.0144970 0.0068455 0.0070820 0.0366139 -0.0594177 0.0191713 -0.0798222 -0.2546380 -0.2613562 -0.2588270 -0.2550727 -0.2569766 -0.2549187 -0.2586984 -0.2595885 -0.2596472 -0.2635618 -0.2626114 -0.2635859 -0.2635085 -0.2624011 -0.2668395 -0.2639412 -0.2643503 -0.2644088
0.0750625 0.0783806 0.0805213 0.0772999 0.0799696 0.0798822 0.0806988 0.0803098 0.0788786 0.0753452 0.0756415 0.0770849 0.0803029 0.0747802 0.0802415 0.0816398 -0.0118116 0.0043107 0.0090467 -0.0040527 -0.0043631 0.0092490 -0.0070047 0.0004003 0.0783414 0.1079487 0.8509198 0.0713114 0.0761098 0.0821690 0.0817657 0.0801371 0.0794453 0.0586656 0.0634580 0.0767998 0.0724555 0.0679226 0.0726421 0.0765251 0.0546077 0.0581190 0.0676631 0.0563494 0.0589493 0.0657917 0.0589115 0.0559451 -0.0030702 0.0447674 0.0248581 0.0197031 0.0324350 0.0362369 0.0400680 0.0153284 0.0200354 0.0291268 0.0614357 0.0418741 0.0681780 0.0567475 0.0561315 0.0592393 0.0494181 0.0478847 0.0362973 0.0558723 0.0387758 0.0669399 0.0432553 0.0137729 0.0131926 0.0409561 0.0417776 0.0380188 0.0232503 0.0037633 0.0255359 -0.0482704 -0.0543462 0.0350882 0.0286461 0.0372061 -0.0007690 0.0211776 -0.1109230 0.0203572 -0.0135147 0.0049221 0.0042813 0.0345998 -0.0606063 0.0250827 -0.0786491 -0.2610320 -0.2664917 -0.2629913 -0.2592084 -0.2616144 -0.2588248 -0.2615260 -0.2622468 -0.2642638 -0.2668890 -0.2663935 -0.2685845 -0.2680409 -0.2683307 -0.2696538 -0.2671122 -0.2697676 -0.2680970
0.0637745 0.0668898 0.0713424 0.0695145 0.0687278 0.0690728 0.0711940 0.0707053 0.0711367 0.0696797 0.0697459 0.0693998 0.0695095 0.0695829 0.0693925 0.0700559 -0.0052723 0.0035318 0.0037397 -0.0046003 -0.0103574 0.0116971 -0.0067848 0.0052609 0.0874633 0.0646304 0.0713114 0.8600090 0.0993158 0.0823204 0.0822107 0.0905648 0.0649493 0.0533359 0.0550326 0.0731673 0.0673742 0.0634424 0.0661026 0.0592657 0.0566300 0.0554791 0.0634730 0.0498648 0.0533551 0.0678192 0.0634420 0.0545840 -0.0060794 0.0373600 0.0318316 0.0180312 0.0342549 0.0433496 0.0367776 0.0113553 0.0207112 0.0208887 0.0575043 0.0289047 0.0612164 0.0523622 0.0529382 0.0501713 0.0399245 0.0452703 0.0260047 0.0550817 0.0363176 0.0614377 0.0317952 0.0157678 0.0230844 0.0321276 0.0336185 0.0317938 0.0202100 0.0015933 0.0180707 -0.0419075 -0.0490796 0.0276101 0.0257171 0.0332436 -0.0078006 0.0172960 -0.1029289 0.0188045 -0.0212930 0.0033965 0.0035276 0.0247701 -0.0639937 0.0174101 -0.0778212 -0.2385757 -0.2434111 -0.2423667 -0.2371167 -0.2370329 -0.2363253 -0.2388181 -0.2410228 -0.2431149 -0.2475458 -0.2443031 -0.2454919 -0.2464789 -0.2446413 -0.2479434 -0.2448792 -0.2482044 -0.2477797
0.0697070 0.0727717 0.0725466 0.0718315 0.0726642 0.0747436 0.0741490 0.0743141 0.0738925 0.0715334 0.0730945 0.0719539 0.0734380 0.0734524 0.0734930 0.0763646 -0.0125930 0.0082723 0.0049053 -0.0052278 -0.0111553 0.0047030 -0.0067286 0.0007481 0.0993707 0.0793880 0.0761098 0.0993158 0.8545852 0.0920849 0.0887923 0.0987194 0.0713565 0.0561966 0.0579230 0.0736731 0.0649270 0.0679439 0.0709542 0.0673453 0.0537648 0.0481909 0.0628163 0.0516790 0.0535159 0.0631162 0.0528648 0.0537865 0.0068445 0.0395622 0.0305754 0.0087665 0.0348298 0.0425980 0.0385138 0.0159251 0.0196997 0.0277457 0.0594877 0.0322757 0.0676351 0.0559290 0.0555670 0.0554324 0.0416171 0.0505076 0.0327068 0.0532236 0.0353779 0.0630732 0.0351919 0.0156167 0.0168219 0.0386265 0.0361894 0.0327537 0.0222692 0.0029910 0.0249452 -0.0403030 -0.0487641 0.0320295 0.0230478 0.0369492 -0.0082716 0.0132991 -0.1091284 0.0155161 -0.0155010 0.0075448 0.0077761 0.0293784 -0.0634321 0.0183014 -0.0793634 -0.2466787 -0.2537391 -0.2507840 -0.2484280 -0.2488261 -0.2474046 -0.2495196 -0.2525330 -0.2526335 -0.2553681 -0.2565805 -0.2551475 -0.2567826 -0.2564950 -0.2577463 -0.2565819 -0.2578799 -0.2574443
0.0718769 0.0750661 0.0777982 0.0740222 0.0760893 0.0783544 0.0797551 0.0772621 0.0778371 0.0734916 0.0737199 0.0730958 0.0754017 0.0724017 0.0757389 0.0777120 -0.0107901 0.0029007 0.0028065 -0.0067552 -0.0154767 0.0034385 -0.0071642 -0.0008526 0.1102069 0.0722794 0.0821690 0.0823204 0.0920849 0.8532414 0.1098850 0.0886728 0.0719021 0.0584111 0.0638799 0.0775037 0.0715664 0.0780988 0.0705496 0.0749498 0.0532066 0.0572184 0.0718977 0.0559952 0.0621677 0.0669836 0.0591674 0.0650464 -0.0004046 0.0398419 0.0264081 0.0183723 0.0340381 0.0401592 0.0466272 0.0168419 0.0174719 0.0251053 0.0597542 0.0324064 0.0700369 0.0589108 0.0597893 0.0591500 0.0425296 0.0524713 0.0353914 0.0657320 0.0431119 0.0699268 0.0398793 0.0133407 0.0208062 0.0352639 0.0328455 0.0449667 0.0206290 0.0056901 0.0246390 -0.0443851 -0.0513698 0.0358229 0.0296119 0.0369261 -0.0054264 0.0217357 -0.1143799 0.0215357 -0.0173218 0.0079261 0.0077298 0.0330563 -0.0629688 0.0213565 -0.0844660 -0.2590148 -0.2663059 -0.2621100 -0.2601129 -0.2604943 -0.2586486 -0.2603235 -0.2626852 -0.2629757 -0.2671850 -0.2668981 -0.2670233 -0.2664938 -0.2686903 -0.2678327 -0.2677118 -0.2697745 -0.2687088
0.0805303 0.0825369 0.0862632 0.0809859 0.0857526 0.0818842 0.0852396 0.0852484 0.0833865 0.0799106 0.0814575 0.0809046 0.0822857 0.0787140 0.0837974 0.0860341 -0.0141825 0.0036723 0.0044867 -0.0089927 -0.0090599 0.0067968 -0.0029792 -0.0001909 0.1121023 0.0824916 0.0817657 0.0822107 0.0887923 0.1098850 0.8521497 0.0910148 0.0831835 0.0630930 0.0675006 0.0870652 0.0776043 0.0802575 0.0810412 0.0814651 0.0616341 0.0600246 0.0754174 0.0587191 0.0651809 0.0783177 0.0617041 0.0659924 -0.0075013 0.0507809 0.0319683 0.0260674 0.0389814 0.0435510 0.0488969 0.0218376 0.0176709 0.0257144 0.0735781 0.0362458 0.0694696 0.0584259 0.0586518 0.0548693 0.0477076 0.0545641 0.0386803 0.0667829 0.0432681 0.0775005 0.0404438 0.0121036 0.0201064 0.0442889 0.0424770 0.0391711 0.0248610 0.0044115 0.0254766 -0.0454194 -0.0574516 0.0343257 0.0300693 0.0424689 -0.0089894 0.0209854 -0.1180460 0.0244595 -0.0159049 0.0106219 0.0104099 0.0371276 -0.0713477 0.0322071 -0.0908286 -0.2784882 -0.2845604 -0.2791291 -0.2784261 -0.2783575 -0.2762194 -0.2794105 -0.2809638 -0.2828024 -0.2851130 -0.2854550 -0.2852238 -0.2854986 -0.2866324 -0.2861142 -0.2868264 -0.2875055 -0.2859767
0.0690992 0.0740067 0.0731151 0.0715303 0.0735196 0.0721834 0.0753215 0.0753465 0.0756657 0.0716240 0.0701946 0.0717888 0.0733491 0.0713414 0.0711215 0.0778038 -0.0168997 0.0013104 0.0009687 -0.0082142 -0.0160926 0.0042644 -0.0076714 0.0015143 0.0918670 0.0738405 0.0801371 0.0905648 0.0987194 0.0886728 0.0910148 0.8518620 0.0769432 0.0557007 0.0561079 0.0795008 0.0685935 0.0668313 0.0724922 0.0662625 0.0503815 0.0540105 0.0631061 0.0510871 0.0555635 0.0670826 0.0571490 0.0544000 -0.0042127 0.0429208 0.0255005 0.0208770 0.0289792 0.0443026 0.0421959 0.0203697 0.0188059 0.0281128 0.0560741 0.0371612 0.0646465 0.0591502 0.0593352 0.0508022 0.0403692 0.0479213 0.0382282 0.0547758 0.0386607 0.0656414 0.0440867 0.0154425 0.0190759 0.0331035 0.0325559 0.0407591 0.0249602 0.0047988 0.0206309 -0.0397143 -0.0493153 0.0313004 0.0233902 0.0351701 -0.0058226 0.0175454 -0.1055773 0.0159051 -0.0124739 -0.0017877 -0.0012350 0.0291201 -0.0577569 0.0288667 -0.0787764 -0.2491764 -0.2538844 -0.2499600 -0.2485468 -0.2476181 -0.2474560 -0.2493079 -0.2513538 -0.2520322 -0.2545846 -0.2548704 -0.2564847 -0.2569361 -0.2576641 -0.2578968 -0.2569830 -0.2582539 -0.2563453
0.0805917 0.0801332 0.0840625 0.0814423 0.0834902 0.0852542 0.0858299 0.0871549 0.0844992 0.0826820 0.0811095 0.0819847 0.0849338 0.0788122 0.0832561 0.0906293 -0.0153670 0.0045551 0.0034639 -0.0057360 -0.0157799 0.0059968 -0.0063182 -0.0015671 0.0824327 0.0826058 0.0794453 0.0649493 0.0713565 0.0719021 0.0831835 0.0769432 0.8511250 0.0634936 0.0746374 0.0944747 0.0752911 0.0848835 0.0894448 0.0878770 0.0599606 0.0660270 0.0775142 0.0619239 0.0666814 0.0695234 0.0598950 0.0700175 0.0001237 0.0572738 0.0355437 0.0200319 0.0404014 0.0454011 0.0473972 0.0225347 0.0236384 0.0291741 0.0742894 0.0381724 0.0735305 0.0634495 0.0623663 0.0624036 0.0520800 0.0585844 0.0435282 0.0687158 0.0442611 0.0722994 0.0437794 0.0177723 0.0185883 0.0494402 0.0433447 0.0413534 0.0300590 0.0086341 0.0276932 -0.0421770 -0.0523098 0.0357460 0.0306003 0.0423127 -0.0038788 0.0293721 -0.1218516 0.0296966 -0.0112961 0.0096376 0.0092094 0.0376739 -0.0690876 0.0211971 -0.0789111 -0.2825037 -0.2848524 -0.2835375 -0.2821136 -0.2815492 -0.2796087 -0.2815385 -0.2848542 -0.2854691 -0.2898709 -0.2888964 -0.2897109 -0.2896198 -0.2905619 -0.2908013 -0.2885684 -0.2897979 -0.2901431
0.0625133 0.0647966 0.0657984 0.0629880 0.0653167 0.0649869 0.0673348 0.0669644 0.0656340 0.0636057 0.0627914 0.0642063 0.0651848 0.0637109 0.0641798 0.0646658 -0.0027014 0.0099471 0.0096669 0.0028820 -0.0027235 0.0125598 0.0014769 0.0072229 0.0588284 0.0582036 0.0586656 0.0533359 0.0561966 0.0584111 0.0630930 0.0557007 0.0634936 0.9223589 0.0515508 0.0630488 0.0559150 0.0563019 0.0594653 0.0584828 0.0457482 0.0463394 0.0543449 0.0438891 0.0485042 0.0535521 0.0470014 0.0495692 0.0022586 0.0389717 0.0278203 0.0158673 0.0301645 0.0326969 0.0357162 0.0163885 0.0181915 0.0219655 0.0518342 0.0303936 0.0548165 0.0475317 0.0474508 0.0436941 0.0373979 0.0424659 0.0310336 0.0503135 0.0324477 0.0522186 0.0326592 0.0137628 0.0166623 0.0355427 0.0336631 0.0308587 0.0229042 0.0078718 0.0233103 -0.0315457 -0.0370548 0.0273089 0.0239554 0.0327564 -0.0006569 0.0190389 -0.0836058 0.0206351 -0.0082556 0.0120297 0.0116288 0.0294488 -0.0459837 0.0201484 -0.0598502 -0.2003459 -0.2042041 -0.2018542 -0.2004650 -0.2002191 -0.1981524 -0.2003038 -0.2022368 -0.2035291 -0.2067838 -0.2058104 -0.2071540 -0.2066496 -0.2077293 -0.2083836 -0.2072067 -0.2090574 -0.2076121
