0.8260768 0.0000997 0.0272905 0.1465330
0.8422769 0.0000995 0.0156705 0.1419531
0.8790966 0.0000995 0.0073829 0.1134210
0.7969456 0.0000995 0.0318208 0.1711342
0.9074433 0.0000997 0.0075411 0.0849159
0.8894600 0.0000997 0.0000997 0.1103406
0.9082144 0.0000994 0.0097587 0.0819275
0.9152847 0.0000995 0.0060108 0.0786050
0.9093137 0.0000997 0.0000997 0.0904868
0.9185396 0.0005840 0.0001331 0.0807433
0.9387966 0.0047438 0.0062508 0.0502088
0.9560517 0.0013169 0.0001000 0.0425314
0.9154444 0.0000998 0.0000998 0.0843560
0.9184383 0.0000999 0.0096268 0.0718350
0.7662917 0.0000994 0.0166990 0.2169099
0.7790350 0.0000994 0.0000994 0.2207662
0.5995584 0.2446809 0.0001000 0.1556608
0.7197167 0.1915011 0.0434828 0.0452995
0.7617405 0.1931656 0.0449939 0.0001000
0.7185984 0.2069742 0.0743276 0.0000999
0.7496209 0.2501791 0.0001000 0.0001000
0.7481775 0.1681819 0.0835407 0.0000999
0.7622857 0.2323616 0.0052527 0.0001000
0.7223619 0.2030689 0.0453452 0.0292239
0.2653277 0.0000991 0.0464852 0.6880880
0.2306095 0.0000991 0.0669504 0.7023410
0.2733702 0.0000992 0.0453156 0.6812149
0.2208585 0.0089567 0.0172750 0.7529098
0.2060714 0.0000997 0.0471327 0.7466962
0.1535225 0.0000991 0.0573017 0.7890767
0.1939236 0.0000982 0.0684968 0.7374814
0.1503248 0.0038258 0.0001000 0.8457494
0.2028548 0.0000976 0.1154582 0.6815894
0.2904752 0.0263997 0.1504031 0.5327221
0.1946817 0.0000999 0.1141626 0.6910558
0.2362677 0.0000982 0.0702081 0.6934260
0.2250488 0.0000991 0.1003861 0.6744661
0.2243590 0.0000987 0.1521287 0.6234136
0.2556625 0.0000983 0.1253104 0.6189288
0.2407452 0.0000986 0.1182741 0.6408822
0.3109350 0.0432602 0.0001000 0.6457047
0.1817215 0.0371945 0.0001000 0.7809839
0.1506851 0.0000987 0.1892187 0.6599975
0.2793308 0.0225693 0.1495023 0.5485976
0.3573788 0.0130003 0.1195147 0.5101063
0.2419726 0.0127689 0.0001000 0.7451585
0.2104808 0.0321810 0.0229013 0.7344369
0.0476048 0.0000983 0.3573866 0.5949103
0.1371710 0.1677149 0.2360453 0.4590688
0.1921879 0.0250615 0.2441512 0.5385994
0.1767773 0.0784203 0.1976542 0.5471482
0.1953273 0.1540339 0.0001000 0.6505387
0.1317399 0.0503577 0.2909605 0.5269418
0.2195122 0.0822980 0.0399296 0.6582602
0.0888820 0.0516495 0.1260601 0.7334083
0.1835201 0.1224354 0.1896945 0.5043501
0.0610414 0.1245306 0.1083156 0.7061124
0.1340048 0.1118944 0.0996599 0.6544409
0.0452288 0.0021210 0.0653476 0.8873027
0.1325139 0.0863012 0.0455216 0.7356632
0.0050701 0.0088314 0.0001000 0.9859986
0.0001000 0.0283419 0.0001000 0.9714580
0.0001000 0.0300824 0.0001000 0.9697175
0.1395895 0.0001000 0.2889237 0.5713868
0.0677664 0.0197709 0.2971000 0.6153628
0.1344308 0.0280248 0.1236107 0.7139336
0.0300525 0.0597003 0.1855657 0.7246816
0.0525679 0.0000982 0.3548582 0.5924757
0.0001001 0.0532535 0.1686028 0.7780436
0.1980885 0.0000997 0.1154684 0.6863434
0.0289289 0.0608389 0.1353534 0.7748788
0.0633825 0.1585047 0.0079625 0.7701504
0.0982599 0.1247758 0.1426291 0.6343352
0.2183864 0.0555903 0.1445733 0.5814500
0.1129136 0.0592653 0.1532248 0.6745963
0.1513308 0.0941520 0.0089249 0.7455922
0.1251024 0.1192907 0.0266328 0.7289742
0.0970855 0.1388555 0.2820165 0.4820426
0.1637309 0.1053839 0.1217203 0.6091650
0.0001001 0.3081969 0.1714861 0.5202169
0.0001001 0.3325804 0.1258739 0.5414456
0.0008824 0.1053001 0.0023811 0.8914365
0.0867064 0.0958690 0.1528749 0.6645497
0.0985033 0.0732496 0.0770644 0.7511827
0.0001001 0.1877701 0.1579835 0.6541464
0.0351033 0.1180997 0.1208843 0.7259127
0.1088197 0.5442750 0.0001000 0.3468053
0.0615514 0.1022135 0.1974186 0.6388165
0.0417016 0.2099835 0.2213275 0.5269875
0.0001000 0.0123314 0.9874687 0.0001000
0.0001000 0.0140704 0.9857297 0.0001000
0.0929136 0.0500954 0.3039840 0.5530069
0.1656481 0.3936195 0.0232507 0.4174817
0.0323454 0.1083442 0.1430000 0.7163104
0.0209714 0.4162468 0.1782794 0.3845024
0.0001000 0.9849650 0.0073031 0.0076319
0.0001000 0.9964533 0.0009466 0.0025001
0.0001000 0.9892870 0.0020009 0.0086121
0.0037453 0.9871653 0.0042136 0.0048758
0.0001000 0.9830665 0.0167335 0.0001000
0.0001000 0.9805415 0.0013190 0.0180395
0.0001000 0.9849685 0.0093209 0.0056107
0.0002120 0.9922851 0.0050485 0.0024545
0.0006735 0.9948785 0.0001814 0.0042666
0.0001000 0.9997001 0.0001000 0.0001000
0.0001000 0.9997000 0.0001000 0.0001000
0.0001000 0.9997001 0.0001000 0.0001000
0.0001000 0.9997001 0.0001000 0.0001000
0.0001000 0.9997001 0.0001000 0.0001000
0.0001000 0.9997001 0.0001000 0.0001000
0.0001000 0.9997001 0.0001000 0.0001000
0.0001000 0.9997001 0.0001000 0.0001000
0.0001000 0.9997001 0.0001000 0.0001000
