0.8785995 0.1776679 0.1439478 0.1645538 0.1488832 0.1434370 0.1469746 0.1524660 0.1470692 0.1434370 0.1442476 0.1517297 0.1420711 0.1402082 0.1345850 0.1373158 0.0321173 0.0517071 0.0534274 0.0480785 0.0447424 0.0679633 0.0475493 0.0518863 0.0708112 0.0658675 0.0703469 0.0556252 0.0591643 0.0564858 0.0674589 0.0558244 0.0679563 0.0545108 0.0536402 0.0709978 0.0620954 0.0604166 0.0691007 0.0638419 0.0551919 0.0485995 0.0492833 0.0488022 0.0639924 0.0620808 0.0510767 0.0337287 -0.0157519 0.0344401 0.0179733 0.0097069 0.0143504 0.0323509 0.0202737 0.0074423 -0.0015517 0.0081656 0.0403455 0.0220668 0.0437222 0.0270312 0.0254519 0.0378540 0.0152872 0.0367553 0.0084312 0.0349556 0.0053697 0.0525934 0.0125936 -0.0062024 -0.0018075 0.0336545 0.0177212 0.0215366 0.0137871 -0.0126398 0.0118409 -0.0718466 -0.0810879 0.0031116 0.0055360 0.0193629 -0.0322987 -0.0065848 -0.1213757 -0.0006175 -0.0369664 -0.0326163 -0.0330172 0.0105256 -0.0667668 -0.0020179 -0.1048296 -0.2736500 -0.2765920 -0.2755371 -0.2735233 -0.2734302 -0.2722993 -0.2729197 -0.2739910 -0.2752795 -0.2770687 -0.2793323 -0.2781277 -0.2779732 -0.2790790 -0.2793131 -0.2782098 -0.2819264 -0.2777764
0.1776679 0.8863205 0.1470519 0.1744116 0.1510508 0.1502298 0.1523748 0.1549159 0.1499510 0.1477099 0.1504531 0.1538743 0.1508510 0.1455983 0.1377116 0.1422722 0.0288177 0.0558882 0.0586218 0.0517190 0.0416329 0.0676313 0.0503917 0.0473347 0.0722228 0.0672543 0.0735681 0.0586309 0.0621155 0.0594298 0.0696091 0.0605379 0.0676146 0.0564404 0.0540394 0.0727352 0.0628550 0.0642553 0.0725595 0.0675258 0.0584600 0.0499537 0.0504317 0.0531019 0.0653368 0.0642353 0.0480581 0.0312180 -0.0163544 0.0394174 0.0182860 0.0090707 0.0155331 0.0316305 0.0211007 0.0075880 -0.0037911 0.0098701 0.0420005 0.0237885 0.0425779 0.0291154 0.0280630 0.0385447 0.0191670 0.0382251 0.0122621 0.0329308 0.0050584 0.0541039 0.0131400 -0.0066009 -0.0014491 0.0333335 0.0186487 0.0268878 0.0115050 -0.0142966 0.0142766 -0.0757416 -0.0826561 0.0028276 0.0055160 0.0175013 -0.0360251 -0.0050783 -0.1242436 0.0023767 -0.0385568 -0.0345346 -0.0363525 0.0124198 -0.0698020 0.0016490 -0.1059429 -0.2821313 -0.2860333 -0.2836850 -0.2816063 -0.2823738 -0.2821455 -0.2812541 -0.2856049 -0.2848207 -0.2865274 -0.2862970 -0.2887197 -0.2865332 -0.2878668 -0.2871691 -0.2874446 -0.2910991 -0.2870520
0.1439478 0.1470519 0.8817571 0.1434391 0.1887879 0.1827351 0.2003440 0.1900907 0.1538218 0.1522843 0.1532611 0.1563590 0.1528620 0.1495517 0.1424139 0.1449226 0.0363726 0.0546220 0.0633173 0.0499287 0.0464031 0.0706763 0.0527878 0.0512351 0.0705579 0.0662392 0.0748638 0.0621224 0.0608423 0.0604107 0.0717151 0.0584052 0.0699657 0.0567608 0.0562292 0.0760991 0.0669129 0.0611094 0.0717093 0.0697081 0.0626325 0.0531055 0.0486173 0.0504176 0.0686024 0.0684352 0.0506747 0.0305173 -0.0202394 0.0336951 0.0211056 0.0078119 0.0158528 0.0319459 0.0202121 0.0071861 -0.0013985 0.0074782 0.0372128 0.0219260 0.0419194 0.0253605 0.0255952 0.0328753 0.0131942 0.0315252 0.0082170 0.0314780 0.0030334 0.0504531 0.0111532 -0.0062357 -0.0026517 0.0348197 0.0203899 0.0230707 0.0106972 -0.0164939 0.0129506 -0.0794687 -0.0898973 0.0024610 0.0071045 0.0168520 -0.0372504 -0.0052988 -0.1236599 -0.0067880 -0.0413691 -0.0354234 -0.0364698 0.0096432 -0.0723103 -0.0020467 -0.1108262 -0.2848057 -0.2888167 -0.2875004 -0.2833899 -0.2836321 -0.2828286 -0.2845487 -0.2852688 -0.2876338 -0.2892504 -0.2900145 -0.2908778 -0.2896199 -0.2900804 -0.2908250 -0.2900985 -0.2939820 -0.2912077
0.1645538 0.1744116 0.1434391 0.8866186 0.1437903 0.1438948 0.1433842 0.1495164 0.1452649 0.1393440 0.1446598 0.1458822 0.1394818 0.1399605 0.1332038 0.1368112 0.0317636 0.0517366 0.0557625 0.0459971 0.0394325 0.0642399 0.0480429 0.0492818 0.0719235 0.0649748 0.0725265 0.0614642 0.0615918 0.0588293 0.0683434 0.0586003 0.0691255 0.0553289 0.0553796 0.0704624 0.0631816 0.0645774 0.0702310 0.0667144 0.0580986 0.0515144 0.0546755 0.0530613 0.0671321 0.0641453 0.0493892 0.0339887 -0.0146751 0.0374179 0.0225333 0.0085838 0.0158419 0.0326005 0.0244517 0.0076948 0.0001145 0.0117578 0.0418946 0.0258471 0.0418021 0.0280317 0.0282917 0.0390556 0.0202995 0.0348527 0.0089270 0.0363056 0.0059938 0.0549722 0.0136706 -0.0025747 -0.0018542 0.0343523 0.0210321 0.0237920 0.0130254 -0.0115825 0.0138845 -0.0730587 -0.0808875 0.0047429 0.0104644 0.0209720 -0.0337772 -0.0058834 -0.1226314 0.0006083 -0.0378465 -0.0312194 -0.0309036 0.0141745 -0.0681921 0.0006224 -0.1028708 -0.2765820 -0.2793867 -0.2767845 -0.2746354 -0.2765794 -0.2744510 -0.2755440 -0.2776424 -0.2783220 -0.2812116 -0.2808125 -0.2815958 -0.2811422 -0.2810692 -0.2809074 -0.2800470 -0.2849910 -0.2795296
0.1488832 0.1510508 0.1887879 0.1437903 0.8942945 0.1974249 0.2021884 0.1996282 0.1563076 0.1539045 0.1558891 0.1601856 0.1546517 0.1520633 0.1421185 0.1481064 0.0359914 0.0612430 0.0636110 0.0566902 0.0505409 0.0759148 0.0588931 0.0562725 0.0724769 0.0646455 0.0737214 0.0584564 0.0595863 0.0569932 0.0697892 0.0571972 0.0677187 0.0558695 0.0509539 0.0735679 0.0622174 0.0614547 0.0727369 0.0655567 0.0641794 0.0512363 0.0465385 0.0511544 0.0676877 0.0640091 0.0507031 0.0252715 -0.0183965 0.0342678 0.0171120 0.0106212 0.0116610 0.0318303 0.0174756 0.0050082 -0.0047645 0.0066847 0.0358029 0.0157315 0.0401616 0.0267037 0.0233671 0.0330823 0.0156291 0.0339900 0.0059107 0.0262221 0.0011059 0.0542964 0.0082686 -0.0101126 -0.0063493 0.0335683 0.0186589 0.0230852 0.0088587 -0.0188140 0.0113442 -0.0806507 -0.0917801 0.0000679 0.0024181 0.0147258 -0.0372847 -0.0068151 -0.1234673 -0.0065251 -0.0410986 -0.0386855 -0.0392354 0.0092851 -0.0711566 -0.0074377 -0.1077813 -0.2830527 -0.2851480 -0.2832659 -0.2800590 -0.2813489 -0.2801294 -0.2813781 -0.2819594 -0.2824789 -0.2849388 -0.2874858 -0.2873663 -0.2865407 -0.2876458 -0.2867311 -0.2863928 -0.2915258 -0.2861458
0.1434370 0.1502298 0.1827351 0.1438948 0.1974249 0.8905291 0.1954706 0.1934799 0.1541743 0.1523873 0.1541963 0.1600387 0.1514842 0.1502678 0.1415209 0.1469152 0.0362010 0.0563812 0.0629544 0.0533685 0.0472712 0.0716319 0.0549257 0.0531557 0.0736918 0.0678449 0.0739514 0.0594536 0.0623317 0.0604951 0.0667699 0.0567297 0.0706787 0.0555948 0.0506052 0.0712975 0.0595060 0.0575962 0.0665312 0.0660563 0.0616945 0.0504929 0.0502297 0.0499907 0.0677244 0.0639090 0.0504789 0.0258575 -0.0187399 0.0322592 0.0147348 0.0103418 0.0128085 0.0321323 0.0167412 0.0078185 -0.0078315 0.0059128 0.0347409 0.0180836 0.0401936 0.0236144 0.0227731 0.0354277 0.0152430 0.0349256 0.0062918 0.0268169 0.0045401 0.0536325 0.0069324 -0.0095375 -0.0055775 0.0328018 0.0179300 0.0222519 0.0105954 -0.0198995 0.0125881 -0.0787365 -0.0913395 0.0011033 0.0062245 0.0167317 -0.0386431 -0.0031754 -0.1233139 -0.0068923 -0.0403405 -0.0400439 -0.0415514 0.0094924 -0.0695970 -0.0073797 -0.1063274 -0.2821546 -0.2839307 -0.2840557 -0.2803158 -0.2806971 -0.2797599 -0.2812958 -0.2831507 -0.2820755 -0.2868390 -0.2861011 -0.2864856 -0.2872994 -0.2879780 -0.2859776 -0.2852296 -0.2888907 -0.2876045
0.1469746 0.1523748 0.2003440 0.1433842 0.2021884 0.1954706 0.8876334 0.2067162 0.1566327 0.1552885 0.1571147 0.1624679 0.1541617 0.1554305 0.1416207 0.1495289 0.0330558 0.0570327 0.0639628 0.0557654 0.0471268 0.0712901 0.0551771 0.0491319 0.0734239 0.0679714 0.0750922 0.0619866 0.0620695 0.0622678 0.0702835 0.0602043 0.0717885 0.0578361 0.0559589 0.0755158 0.0618741 0.0630585 0.0730832 0.0721430 0.0633695 0.0507548 0.0500861 0.0517881 0.0672079 0.0645905 0.0512131 0.0280800 -0.0182359 0.0343604 0.0184748 0.0090011 0.0132770 0.0330849 0.0168397 0.0072404 -0.0020329 0.0064805 0.0362079 0.0150225 0.0400446 0.0279527 0.0254946 0.0369573 0.0185787 0.0373641 0.0100793 0.0301602 0.0036677 0.0566092 0.0097261 -0.0082842 -0.0049740 0.0347057 0.0202857 0.0245613 0.0107362 -0.0165612 0.0122907 -0.0801251 -0.0909179 0.0017458 0.0069415 0.0152698 -0.0373513 -0.0047848 -0.1286225 -0.0068846 -0.0411450 -0.0363908 -0.0378108 0.0083686 -0.0737400 -0.0069793 -0.1123757 -0.2909765 -0.2949582 -0.2925821 -0.2908962 -0.2911588 -0.2883328 -0.2918370 -0.2930165 -0.2926729 -0.2958443 -0.2959424 -0.2979884 -0.2953103 -0.2974997 -0.2963539 -0.2969355 -0.2971934 -0.2963577
0.1524660 0.1549159 0.1900907 0.1495164 0.1996282 0.1934799 0.2067162 0.8965384 0.1613312 0.1561271 0.1602492 0.1674495 0.1562690 0.1573308 0.1465675 0.1500178 0.0372191 0.0579141 0.0686514 0.0574118 0.0507910 0.0771493 0.0584404 0.0518882 0.0731205 0.0686195 0.0740212 0.0604496 0.0610588 0.0584782 0.0692241 0.0589936 0.0715992 0.0573375 0.0535671 0.0751476 0.0631083 0.0626294 0.0723722 0.0690451 0.0642822 0.0504771 0.0498281 0.0526451 0.0659655 0.0667010 0.0497293 0.0277317 -0.0193560 0.0343119 0.0151453 0.0128586 0.0116928 0.0335566 0.0192766 0.0057722 -0.0042181 0.0034763 0.0332213 0.0183692 0.0408428 0.0248216 0.0234901 0.0327021 0.0149188 0.0355327 0.0062081 0.0284018 0.0036744 0.0536950 0.0091570 -0.0076213 -0.0055049 0.0363068 0.0182178 0.0241646 0.0109303 -0.0186504 0.0122167 -0.0807819 -0.0918537 -0.0003989 0.0060573 0.0163977 -0.0356272 -0.0063050 -0.1263152 -0.0034422 -0.0421498 -0.0389157 -0.0404017 0.0090749 -0.0720866 -0.0046449 -0.1088624 -0.2891076 -0.2919864 -0.2899809 -0.2870962 -0.2886663 -0.2871937 -0.2886717 -0.2905362 -0.2910669 -0.2929521 -0.2944069 -0.2936160 -0.2940956 -0.2942984 -0.2943140 -0.2931402 -0.2973704 -0.2936190
0.1470692 0.1499510 0.1538218 0.1452649 0.1563076 0.1541743 0.1566327 0.1613312 0.8987198 0.1882707 0.1972310 0.1944222 0.1912958 0.1854101 0.1491963 0.1547739 0.0372430 0.0607619 0.0659366 0.0617979 0.0502939 0.0754337 0.0610454 0.0563637 0.0730280 0.0639501 0.0724675 0.0607069 0.0605615 0.0585152 0.0669689 0.0591967 0.0686090 0.0559432 0.0507985 0.0717383 0.0610399 0.0601810 0.0679460 0.0659207 0.0614436 0.0448669 0.0462566 0.0556208 0.0698234 0.0643220 0.0529040 0.0276077 -0.0194209 0.0332542 0.0191323 0.0043978 0.0104490 0.0320667 0.0221848 0.0068436 -0.0067948 0.0087416 0.0332865 0.0188053 0.0373189 0.0233221 0.0231866 0.0322556 0.0133123 0.0360121 0.0070541 0.0288724 0.0019916 0.0542731 0.0087242 -0.0085183 -0.0008691 0.0318633 0.0163465 0.0208590 0.0049611 -0.0177101 0.0121545 -0.0799209 -0.0871302 0.0008158 -0.0005506 0.0177391 -0.0407821 -0.0088853 -0.1205188 -0.0033328 -0.0422193 -0.0453352 -0.0455977 0.0103617 -0.0728286 -0.0051584 -0.1094924 -0.2850236 -0.2872020 -0.2845332 -0.2822928 -0.2826673 -0.2826081 -0.2838748 -0.2852983 -0.2860523 -0.2874001 -0.2891871 -0.2876608 -0.2885377 -0.2892451 -0.2878004 -0.2893764 -0.2940792 -0.2880253
0.1434370 0.1477099 0.1522843 0.1393440 0.1539045 0.1523873 0.1552885 0.1561271 0.1882707 0.8928330 0.1849961 0.1909628 0.1993283 0.1838257 0.1416817 0.1493508 0.0354114 0.0590889 0.0619428 0.0607521 0.0501162 0.0731860 0.0587474 0.0573073 0.0695837 0.0630226 0.0692724 0.0595685 0.0584590 0.0545001 0.0640192 0.0554830 0.0671119 0.0540264 0.0511758 0.0714419 0.0567408 0.0571317 0.0689997 0.0659327 0.0576595 0.0460368 0.0459022 0.0540421 0.0660130 0.0607329 0.0484790 0.0271231 -0.0214182 0.0329501 0.0167350 0.0097522 0.0111517 0.0333608 0.0157163 0.0066362 -0.0063436 0.0052803 0.0323198 0.0175703 0.0369457 0.0221641 0.0199433 0.0293648 0.0142105 0.0334210 0.0046645 0.0277264 -0.0001640 0.0488949 0.0057547 -0.0088072 -0.0030165 0.0297597 0.0144127 0.0206493 0.0059749 -0.0180321 0.0113223 -0.0775058 -0.0893057 -0.0006412 0.0019645 0.0163683 -0.0414023 -0.0070083 -0.1199795 -0.0078040 -0.0420991 -0.0430624 -0.0429045 0.0078615 -0.0702134 -0.0080838 -0.1051966 -0.2777995 -0.2791910 -0.2794206 -0.2745177 -0.2750146 -0.2738383 -0.2769364 -0.2765908 -0.2780559 -0.2797885 -0.2816531 -0.2813547 -0.2798961 -0.2813756 -0.2810556 -0.2806432 -0.2843144 -0.2812241
0.1442476 0.1504531 0.1532611 0.1446598 0.1558891 0.1541963 0.1571147 0.1602492 0.1972310 0.1849961 0.9162320 0.2024570 0.1902801 0.1862852 0.1485819 0.1510575 0.0422674 0.0649843 0.0726686 0.0640967 0.0569019 0.0793947 0.0648348 0.0596132 0.0667660 0.0599967 0.0681159 0.0578788 0.0581514 0.0524157 0.0633735 0.0518135 0.0631350 0.0526484 0.0481325 0.0689557 0.0582856 0.0562601 0.0663933 0.0614844 0.0592128 0.0456603 0.0442239 0.0515114 0.0657370 0.0615354 0.0469713 0.0219485 -0.0206976 0.0290969 0.0175900 0.0057102 0.0086216 0.0283050 0.0159946 0.0043671 -0.0086375 0.0065572 0.0320061 0.0188374 0.0323303 0.0173270 0.0165906 0.0285479 0.0092092 0.0311334 0.0026677 0.0231915 -0.0034346 0.0458014 0.0031585 -0.0122410 -0.0050829 0.0296812 0.0151996 0.0186576 0.0048699 -0.0181449 0.0067323 -0.0789062 -0.0890253 -0.0041383 0.0014751 0.0129932 -0.0435774 -0.0129386 -0.1172397 -0.0075322 -0.0458485 -0.0456516 -0.0456345 0.0078792 -0.0711474 -0.0067408 -0.1074190 -0.2711721 -0.2744093 -0.2728989 -0.2686363 -0.2706163 -0.2698610 -0.2710167 -0.2721382 -0.2721913 -0.2724070 -0.2756068 -0.2755824 -0.2752234 -0.2769568 -0.2749553 -0.2775825 -0.2815028 -0.2754143
0.1517297 0.1538743 0.1563590 0.1458822 0.1601856 0.1600387 0.1624679 0.1674495 0.1944222 0.1909628 0.2024570 0.9104187 0.1955545 0.1901477 0.1460289 0.1565823 0.0391889 0.0646352 0.0694272 0.0632774 0.0528910 0.0799758 0.0640776 0.0580213 0.0675273 0.0599659 0.0699986 0.0580632 0.0576473 0.0524989 0.0630798 0.0538918 0.0647845 0.0537796 0.0526474 0.0725060 0.0597066 0.0559950 0.0676591 0.0627677 0.0610245 0.0450921 0.0472296 0.0514636 0.0682067 0.0603878 0.0500491 0.0224792 -0.0237423 0.0293045 0.0159676 0.0065129 0.0111286 0.0323397 0.0160784 0.0028616 -0.0076778 0.0096777 0.0309602 0.0154583 0.0323405 0.0182683 0.0175822 0.0280965 0.0114719 0.0308526 0.0045469 0.0241770 -0.0021715 0.0504604 0.0065939 -0.0124716 -0.0049555 0.0276625 0.0122950 0.0206292 0.0048861 -0.0218406 0.0100573 -0.0784881 -0.0899494 -0.0039832 0.0004001 0.0113773 -0.0459492 -0.0110284 -0.1177400 -0.0091782 -0.0449139 -0.0462212 -0.0466321 0.0042042 -0.0691410 -0.0113653 -0.1094099 -0.2790785 -0.2803249 -0.2789010 -0.2760944 -0.2773359 -0.2769077 -0.2779107 -0.2776707 -0.2806133 -0.2794062 -0.2816022 -0.2819929 -0.2818325 -0.2818910 -0.2811640 -0.2828411 -0.2864659 -0.2827042
0.1420711 0.1508510 0.1528620 0.1394818 0.1546517 0.1514842 0.1541617 0.1562690 0.1912958 0.1993283 0.1902801 0.1955545 0.8994442 0.1916726 0.1452193 0.1502205 0.0331169 0.0600620 0.0646212 0.0581106 0.0492848 0.0749664 0.0589908 0.0546199 0.0694086 0.0632013 0.0740089 0.0592349 0.0604250 0.0564240 0.0661433 0.0571345 0.0692086 0.0553706 0.0492088 0.0718560 0.0620235 0.0612027 0.0711192 0.0644988 0.0590891 0.0462482 0.0483616 0.0566710 0.0671126 0.0632188 0.0526780 0.0247104 -0.0203323 0.0341151 0.0145128 0.0109120 0.0149426 0.0288024 0.0196980 0.0053956 -0.0068253 0.0081605 0.0361951 0.0177192 0.0399571 0.0224636 0.0219472 0.0297738 0.0168048 0.0348647 0.0047519 0.0269237 0.0003559 0.0513739 0.0073563 -0.0080944 -0.0056099 0.0327154 0.0162731 0.0229312 0.0071255 -0.0166477 0.0120145 -0.0810206 -0.0896284 -0.0019063 0.0003597 0.0171222 -0.0421550 -0.0091331 -0.1224877 -0.0066873 -0.0429702 -0.0435399 -0.0434470 0.0085226 -0.0738959 -0.0057755 -0.1097145 -0.2826130 -0.2855703 -0.2837875 -0.2786856 -0.2800569 -0.2801140 -0.2820822 -0.2826658 -0.2838510 -0.2849132 -0.2876573 -0.2861172 -0.2873619 -0.2881922 -0.2869741 -0.2865467 -0.2919085 -0.2872656
0.1402082 0.1455983 0.1495517 0.1399605 0.1520633 0.1502678 0.1554305 0.1573308 0.1854101 0.1838257 0.1862852 0.1901477 0.1916726 0.9011414 0.1450628 0.1437830 0.0391584 0.0608385 0.0668703 0.0563297 0.0498748 0.0754511 0.0577866 0.0565428 0.0709593 0.0585296 0.0684188 0.0593653 0.0603623 0.0536900 0.0627135 0.0550502 0.0634334 0.0540901 0.0506071 0.0712749 0.0611300 0.0573693 0.0675343 0.0663504 0.0579019 0.0475924 0.0487577 0.0530209 0.0656570 0.0627144 0.0504189 0.0279449 -0.0198435 0.0321033 0.0166490 0.0080494 0.0109133 0.0289790 0.0186305 0.0069375 -0.0081947 0.0074627 0.0354301 0.0184059 0.0377855 0.0212270 0.0205853 0.0320465 0.0144273 0.0321316 0.0041280 0.0295129 0.0009549 0.0495292 0.0060136 -0.0112205 -0.0040708 0.0317021 0.0172959 0.0240404 0.0091888 -0.0177579 0.0103546 -0.0792015 -0.0878609 -0.0032578 0.0015252 0.0149323 -0.0420997 -0.0087191 -0.1199194 -0.0072820 -0.0429292 -0.0416707 -0.0419538 0.0095661 -0.0725510 -0.0008789 -0.1084191 -0.2776195 -0.2798659 -0.2784303 -0.2759609 -0.2766128 -0.2748946 -0.2777974 -0.2775802 -0.2790994 -0.2793885 -0.2818677 -0.2819854 -0.2804144 -0.2829773 -0.2821074 -0.2816193 -0.2850813 -0.2827573
0.1345850 0.1377116 0.1424139 0.1332038 0.1421185 0.1415209 0.1416207 0.1465675 0.1491963 0.1416817 0.1485819 0.1460289 0.1452193 0.1450628 0.8796133 0.1392797 0.0291925 0.0483633 0.0532575 0.0425536 0.0384467 0.0662373 0.0449987 0.0440192 0.0710839 0.0676941 0.0758308 0.0620873 0.0638965 0.0616884 0.0720346 0.0591529 0.0718879 0.0568165 0.0594222 0.0721698 0.0633439 0.0665347 0.0714728 0.0695736 0.0599336 0.0520861 0.0529242 0.0555939 0.0658362 0.0682410 0.0491275 0.0365394 -0.0153643 0.0374402 0.0238574 0.0110507 0.0179752 0.0364376 0.0272327 0.0072805 0.0020017 0.0165414 0.0439756 0.0257189 0.0458954 0.0322266 0.0292481 0.0349772 0.0223697 0.0369780 0.0141976 0.0378415 0.0089680 0.0554008 0.0157931 -0.0010226 0.0030295 0.0334777 0.0217173 0.0245765 0.0112269 -0.0123150 0.0159372 -0.0693557 -0.0797019 0.0095825 0.0136656 0.0231869 -0.0302441 -0.0013926 -0.1211821 0.0016232 -0.0351657 -0.0298370 -0.0299085 0.0132839 -0.0664125 0.0002561 -0.1011551 -0.2780930 -0.2828674 -0.2825013 -0.2787977 -0.2785965 -0.2768348 -0.2810137 -0.2809300 -0.2812527 -0.2842045 -0.2848512 -0.2847886 -0.2844639 -0.2847620 -0.2855326 -0.2850291 -0.2881109 -0.2857857
0.1373158 0.1422722 0.1449226 0.1368112 0.1481064 0.1469152 0.1495289 0.1500178 0.1547739 0.1493508 0.1510575 0.1565823 0.1502205 0.1437830 0.1392797 0.8831645 0.0260215 0.0513655 0.0547902 0.0502280 0.0402115 0.0651501 0.0477731 0.0475923 0.0741618 0.0716177 0.0769172 0.0621844 0.0660548 0.0626463 0.0733992 0.0649868 0.0782461 0.0570683 0.0592308 0.0768299 0.0633460 0.0671082 0.0729058 0.0686165 0.0631230 0.0538027 0.0574681 0.0533683 0.0666228 0.0693273 0.0541748 0.0330769 -0.0138821 0.0365110 0.0233599 0.0104693 0.0172925 0.0371203 0.0249034 0.0069447 -0.0005593 0.0151834 0.0418443 0.0249578 0.0472440 0.0312459 0.0300000 0.0365513 0.0232057 0.0407211 0.0140423 0.0352340 0.0070080 0.0557115 0.0174821 -0.0040463 0.0029911 0.0369686 0.0204370 0.0297601 0.0128160 -0.0135025 0.0156909 -0.0706113 -0.0812893 0.0080846 0.0082919 0.0195161 -0.0305715 -0.0022467 -0.1223359 0.0011796 -0.0358911 -0.0332087 -0.0332837 0.0150148 -0.0498775 -0.0025654 -0.1045241 -0.2834329 -0.2867324 -0.2855073 -0.2796970 -0.2825212 -0.2799064 -0.2830200 -0.2841562 -0.2858186 -0.2871276 -0.2889796 -0.2888618 -0.2885593 -0.2897760 -0.2894505 -0.2894694 -0.2922177 -0.2891650
0.0321173 0.0288177 0.0363726 0.0317636 0.0359914 0.0362010 0.0330558 0.0372191 0.0372430 0.0354114 0.0422674 0.0391889 0.0331169 0.0391584 0.0291925 0.0260215 0.9830084 0.0444344 0.0508476 0.0651540 0.0622970 0.0471758 0.0530828 0.0623833 -0.0162396 -0.0194248 -0.0165435 -0.0129408 -0.0220807 -0.0242898 -0.0256786 -0.0287022 -0.0266386 -0.0082938 -0.0155867 -0.0195491 -0.0155603 -0.0173136 -0.0178451 -0.0185468 -0.0022884 -0.0128085 -0.0296270 -0.0151300 -0.0111361 -0.0109586 -0.0113311 -0.0389316 -0.0097595 -0.0237254 -0.0183933 -0.0089462 -0.0336306 -0.0107854 -0.0173689 -0.0204129 -0.0198303 -0.0232066 -0.0370244 -0.0205075 -0.0308096 -0.0411361 -0.0405022 -0.0271712 -0.0320835 -0.0248244 -0.0373104 -0.0378419 -0.0370210 -0.0226904 -0.0321777 -0.0206128 -0.0180914 -0.0150460 -0.0237292 -0.0227794 -0.0192794 -0.0279575 -0.0154560 -0.0203466 -0.0229525 -0.0294343 -0.0179416 -0.0229882 -0.0260472 -0.0294414 -0.0024986 -0.0238871 -0.0202760 -0.0561522 -0.0555748 -0.0380929 -0.0088726 -0.0221455 -0.0147012 0.0123524 0.0127023 0.0125805 0.0143398 0.0129009 0.0121260 0.0134684 0.0149823 0.0134957 0.0151247 0.0134188 0.0123713 0.0136318 0.0127882 0.0132866 0.0146221 0.0064403 0.0125898
0.0517071 0.0558882 0.0546220 0.0517366 0.0612430 0.0563812 0.0570327 0.0579141 0.0607619 0.0590889 0.0649843 0.0646352 0.0600620 0.0608385 0.0483633 0.0513655 0.0444344 0.9541417 0.0649923 0.0629899 0.0556971 0.0599466 0.0597198 0.0549721 0.0024750 -0.0080020 -0.0003213 -0.0042398 -0.0018647 -0.0113321 -0.0082862 -0.0110311 -0.0069937 0.0035372 -0.0099896 -0.0051623 -0.0033162 -0.0058253 -0.0025186 -0.0063011 0.0073400 -0.0121745 -0.0100268 -0.0003891 0.0067060 -0.0025423 -0.0052338 -0.0252645 -0.0206511 -0.0137957 -0.0095787 -0.0189536 -0.0222633 -0.0017038 -0.0243172 -0.0178826 -0.0221945 -0.0141312 -0.0211536 -0.0132456 -0.0205604 -0.0301641 -0.0307261 -0.0158433 -0.0230901 -0.0174029 -0.0283599 -0.0248829 -0.0344392 -0.0095318 -0.0254960 -0.0169395 -0.0172901 -0.0062675 -0.0155833 -0.0021438 -0.0158962 -0.0185429 -0.0076736 -0.0324120 -0.0381686 -0.0214988 -0.0145423 -0.0157158 -0.0253337 -0.0162338 -0.0233585 -0.0240969 -0.0267315 -0.0466095 -0.0466606 -0.0204628 -0.0149725 -0.0277831 -0.0272442 -0.0435591 -0.0462763 -0.0452740 -0.0413772 -0.0437472 -0.0432331 -0.0454927 -0.0445980 -0.0427293 -0.0421480 -0.0457772 -0.0471704 -0.0477469 -0.0466240 -0.0450099 -0.0458600 -0.0513676 -0.0443570
0.0534274 0.0586218 0.0633173 0.0557625 0.0636110 0.0629544 0.0639628 0.0686514 0.0659366 0.0619428 0.0726686 0.0694272 0.0646212 0.0668703 0.0532575 0.0547902 0.0508476 0.0649923 0.9680659 0.0656514 0.0693202 0.0674430 0.0619915 0.0615442 0.0005335 -0.0032301 0.0037162 -0.0048210 -0.0062580 -0.0131767 -0.0087759 -0.0129029 -0.0095941 0.0024661 -0.0156575 -0.0009168 -0.0065608 -0.0086103 -0.0036664 -0.0016634 0.0046370 -0.0109429 -0.0156485 -0.0050260 0.0139281 -0.0011390 -0.0082994 -0.0273260 -0.0171076 -0.0113089 -0.0122840 -0.0190466 -0.0183231 -0.0038857 -0.0192853 -0.0110267 -0.0281720 -0.0200362 -0.0250507 -0.0121431 -0.0241988 -0.0318812 -0.0313616 -0.0127257 -0.0274760 -0.0189273 -0.0295027 -0.0253035 -0.0404477 -0.0102025 -0.0331688 -0.0283477 -0.0223003 -0.0063983 -0.0195226 -0.0111712 -0.0160434 -0.0264319 -0.0146731 -0.0324085 -0.0339001 -0.0310486 -0.0137494 -0.0249916 -0.0334842 -0.0234005 -0.0274145 -0.0260415 -0.0405243 -0.0504512 -0.0521233 -0.0242670 -0.0188831 -0.0272316 -0.0375376 -0.0415709 -0.0436091 -0.0439793 -0.0408177 -0.0404893 -0.0411979 -0.0423815 -0.0408998 -0.0432477 -0.0389348 -0.0431418 -0.0452091 -0.0427741 -0.0428804 -0.0442129 -0.0421387 -0.0456345 -0.0448406
0.0480785 0.0517190 0.0499287 0.0459971 0.0566902 0.0533685 0.0557654 0.0574118 0.0617979 0.0607521 0.0640967 0.0632774 0.0581106 0.0563297 0.0425536 0.0502280 0.0651540 0.0629899 0.0656514 0.9944847 0.0632427 0.0752618 0.0816493 0.0610908 -0.0092798 -0.0147621 -0.0096346 -0.0138733 -0.0172553 -0.0237389 -0.0232818 -0.0229447 -0.0192934 -0.0045190 -0.0191392 -0.0120679 -0.0092044 -0.0180825 -0.0128321 -0.0162248 -0.0071860 -0.0197556 -0.0294954 -0.0123478 -0.0014161 -0.0152639 -0.0206298 -0.0321974 -0.0189279 -0.0171257 -0.0142056 -0.0110723 -0.0174846 -0.0111696 -0.0273890 -0.0294796 -0.0286298 -0.0189429 -0.0324097 -0.0154137 -0.0329772 -0.0414931 -0.0420224 -0.0307903 -0.0304017 -0.0277238 -0.0340606 -0.0317089 -0.0475381 -0.0157577 -0.0362260 -0.0306642 -0.0255118 -0.0026516 -0.0195474 -0.0232106 -0.0239684 -0.0316258 -0.0210999 -0.0321928 -0.0484096 -0.0367972 -0.0376445 -0.0221398 -0.0426940 -0.0294490 -0.0084908 -0.0245429 -0.0264750 -0.0516204 -0.0522371 -0.0291371 -0.0064766 -0.0467458 -0.0228346 -0.0130244 -0.0145202 -0.0131407 -0.0100547 -0.0094246 -0.0126099 -0.0139233 -0.0083495 -0.0093905 -0.0085162 -0.0101772 -0.0117391 -0.0095105 -0.0116836 -0.0090705 -0.0106797 -0.0141121 -0.0137720
0.0447424 0.0416329 0.0464031 0.0394325 0.0505409 0.0472712 0.0471268 0.0507910 0.0502939 0.0501162 0.0569019 0.0528910 0.0492848 0.0498748 0.0384467 0.0402115 0.0622970 0.0556971 0.0693202 0.0632427 1.0053829 0.0696799 0.0676132 0.0676048 -0.0176930 -0.0185438 -0.0100533 -0.0197303 -0.0233997 -0.0326373 -0.0235397 -0.0308080 -0.0296663 -0.0096483 -0.0273462 -0.0215368 -0.0269610 -0.0208693 -0.0201884 -0.0192375 -0.0041789 -0.0214385 -0.0323934 -0.0172614 -0.0074650 -0.0153058 -0.0195596 -0.0477934 -0.0164516 -0.0204327 -0.0245531 -0.0094097 -0.0263528 -0.0203007 -0.0361264 -0.0248060 -0.0317770 -0.0314147 -0.0432745 -0.0247693 -0.0397491 -0.0421581 -0.0439955 -0.0269602 -0.0381197 -0.0329316 -0.0404287 -0.0486271 -0.0475648 -0.0212409 -0.0357371 -0.0264690 -0.0254972 -0.0159805 -0.0257421 -0.0308813 -0.0238149 -0.0203111 -0.0254212 -0.0289786 -0.0332955 -0.0377859 -0.0304638 -0.0237973 -0.0376592 -0.0376948 0.0019201 -0.0286797 -0.0237814 -0.0582971 -0.0592684 -0.0290044 -0.0041059 -0.0269185 -0.0213065 0.0111386 0.0135161 0.0139686 0.0155018 0.0145961 0.0131040 0.0126668 0.0152443 0.0141290 0.0161630 0.0127235 0.0127427 0.0147913 0.0120432 0.0148426 0.0137580 0.0078035 0.0137356
0.0679633 0.0676313 0.0706763 0.0642399 0.0759148 0.0716319 0.0712901 0.0771493 0.0754337 0.0731860 0.0793947 0.0799758 0.0749664 0.0754511 0.0662373 0.0651501 0.0471758 0.0599466 0.0674430 0.0752618 0.0696799 0.9770287 0.0738568 0.0709415 -0.0018940 -0.0001412 0.0033341 0.0020385 -0.0074141 -0.0141992 -0.0078111 -0.0109219 -0.0080653 0.0046513 -0.0091726 -0.0014449 -0.0050785 -0.0032385 -0.0054714 -0.0001187 0.0043786 -0.0118021 -0.0149983 -0.0017402 0.0095207 -0.0034826 -0.0084775 -0.0265051 -0.0169448 -0.0147024 -0.0079003 -0.0080654 -0.0097963 -0.0071378 -0.0239176 -0.0199941 -0.0306320 -0.0133276 -0.0190892 -0.0093479 -0.0276232 -0.0295157 -0.0302321 -0.0190633 -0.0323921 -0.0209338 -0.0337551 -0.0255637 -0.0395348 -0.0084316 -0.0351411 -0.0254026 -0.0226834 -0.0035720 -0.0180382 -0.0126046 -0.0147482 -0.0178089 -0.0014301 -0.0385681 -0.0496058 -0.0333210 -0.0283646 -0.0138749 -0.0404479 -0.0233080 -0.0276597 -0.0255748 -0.0348260 -0.0490706 -0.0489645 -0.0251064 -0.0180581 -0.0322310 -0.0379196 -0.0565691 -0.0561803 -0.0573655 -0.0526488 -0.0542317 -0.0558029 -0.0536814 -0.0535436 -0.0553902 -0.0525177 -0.0545196 -0.0542795 -0.0528425 -0.0550715 -0.0523133 -0.0570920 -0.0586812 -0.0561761
0.0475493 0.0503917 0.0527878 0.0480429 0.0588931 0.0549257 0.0551771 0.0584404 0.0610454 0.0587474 0.0648348 0.0640776 0.0589908 0.0577866 0.0449987 0.0477731 0.0530828 0.0597198 0.0619915 0.0816493 0.0676132 0.0738568 0.9832746 0.0662969 -0.0111111 -0.0186686 -0.0129913 -0.0165681 -0.0191377 -0.0249430 -0.0178819 -0.0231176 -0.0208882 -0.0058530 -0.0217147 -0.0185614 -0.0186341 -0.0190770 -0.0179838 -0.0165634 -0.0008423 -0.0179991 -0.0272142 -0.0109063 -0.0065636 -0.0110105 -0.0192147 -0.0380678 -0.0242182 -0.0189588 -0.0144090 -0.0109358 -0.0257024 -0.0134605 -0.0317385 -0.0218323 -0.0363673 -0.0154253 -0.0319120 -0.0183429 -0.0380212 -0.0417609 -0.0410373 -0.0329904 -0.0383258 -0.0249516 -0.0404842 -0.0379684 -0.0466258 -0.0189978 -0.0427970 -0.0277033 -0.0300596 -0.0079624 -0.0269412 -0.0251629 -0.0222817 -0.0311011 -0.0168753 -0.0279173 -0.0427463 -0.0345465 -0.0304427 -0.0197977 -0.0352246 -0.0299180 -0.0131632 -0.0202759 -0.0251490 -0.0585840 -0.0586311 -0.0335481 -0.0106725 -0.0361387 -0.0216767 -0.0049285 -0.0034776 -0.0063355 0.0007391 -0.0040672 -0.0017331 -0.0029195 -0.0013426 -0.0023644 0.0003360 -0.0039318 -0.0041019 -0.0014756 -0.0020641 -0.0008377 -0.0037108 -0.0077477 -0.0004131
0.0518863 0.0473347 0.0512351 0.0492818 0.0562725 0.0531557 0.0491319 0.0518882 0.0563637 0.0573073 0.0596132 0.0580213 0.0546199 0.0565428 0.0440192 0.0475923 0.0623833 0.0549721 0.0615442 0.0610908 0.0676048 0.0709415 0.0662969 0.9692777 -0.0019711 -0.0012358 -0.0045484 -0.0029577 -0.0097780 -0.0157969 -0.0127605 -0.0114043 -0.0138975 0.0006749 -0.0168254 -0.0059049 -0.0068039 -0.0056522 -0.0043812 -0.0085936 0.0052563 -0.0119910 -0.0194103 -0.0051168 0.0050060 -0.0025109 -0.0059805 -0.0321488 -0.0199829 -0.0144865 -0.0086919 -0.0051641 -0.0208912 -0.0083483 -0.0156645 -0.0191655 -0.0241228 -0.0179317 -0.0253211 -0.0202229 -0.0223615 -0.0302049 -0.0302827 -0.0236797 -0.0297409 -0.0232867 -0.0314851 -0.0312742 -0.0322210 -0.0066005 -0.0269782 -0.0171778 -0.0176166 -0.0100961 -0.0188359 -0.0125866 -0.0123299 -0.0178284 -0.0187970 -0.0322308 -0.0443808 -0.0312648 -0.0203011 -0.0186058 -0.0270969 -0.0274643 -0.0166046 -0.0278270 -0.0330037 -0.0422312 -0.0431328 -0.0274007 -0.0145535 -0.0278304 -0.0274748 -0.0339196 -0.0325026 -0.0348517 -0.0296967 -0.0301618 -0.0310365 -0.0304543 -0.0291592 -0.0301340 -0.0301402 -0.0320500 -0.0302802 -0.0339998 -0.0324026 -0.0306863 -0.0323783 -0.0357915 -0.0322379
0.0708112 0.0722228 0.0705579 0.0719235 0.0724769 0.0736918 0.0734239 0.0731205 0.0730280 0.0695837 0.0667660 0.0675273 0.0694086 0.0709593 0.0710839 0.0741618 -0.0162396 0.0024750 0.0005335 -0.0092798 -0.0176930 -0.0018940 -0.0111111 -0.0019711 0.8480688 0.0757111 0.0786857 0.0882897 0.1002833 0.1114801 0.1130796 0.0930631 0.0835153 0.0576409 0.0668567 0.0825418 0.0716112 0.0709535 0.0724926 0.0781405 0.0533588 0.0564653 0.0705654 0.0560596 0.0627332 0.0684793 0.0563094 0.0582600 -0.0021747 0.0418719 0.0280152 0.0182158 0.0302522 0.0388053 0.0372280 0.0237765 0.0232307 0.0246838 0.0636623 0.0357722 0.0627107 0.0537764 0.0538443 0.0569001 0.0470301 0.0554699 0.0404567 0.0596920 0.0467318 0.0666162 0.0420095 0.0160449 0.0162761 0.0389406 0.0382930 0.0412629 0.0252475 0.0096022 0.0221826 -0.0387351 -0.0523259 0.0328651 0.0335690 0.0417127 -0.0070054 0.0197120 -0.1115706 0.0260816 -0.0105585 0.0120927 0.0110666 0.0378199 -0.0655712 0.0255018 -0.0837813 -0.2619248 -0.2676803 -0.2626582 -0.2626087 -0.2614456 -0.2611379 -0.2604724 -0.2654515 -0.2651077 -0.2700507 -0.2687546 -0.2686764 -0.2713321 -0.2714715 -0.2719202 -0.2684121 -0.2719520 -0.2703849
0.0658675 0.0672543 0.0662392 0.0649748 0.0646455 0.0678449 0.0679714 0.0686195 0.0639501 0.0630226 0.0599967 0.0599659 0.0632013 0.0585296 0.0676941 0.0716177 -0.0194248 -0.0080020 -0.0032301 -0.0147621 -0.0185438 -0.0001412 -0.0186686 -0.0012358 0.0757111 0.8552741 0.1085403 0.0659683 0.0811097 0.0747725 0.0846020 0.0760535 0.0845353 0.0573958 0.0642269 0.0831955 0.0689037 0.0704197 0.0733808 0.0778066 0.0522922 0.0601478 0.0669688 0.0518381 0.0557163 0.0696267 0.0585082 0.0596897 0.0028683 0.0503772 0.0335713 0.0175429 0.0417126 0.0449429 0.0508993 0.0188516 0.0258125 0.0290963 0.0664815 0.0394677 0.0763845 0.0628666 0.0622973 0.0564770 0.0488556 0.0538573 0.0377957 0.0600163 0.0423331 0.0654391 0.0404475 0.0168345 0.0238818 0.0431243 0.0451844 0.0355908 0.0291898 0.0077219 0.0293994 -0.0326712 -0.0445162 0.0399579 0.0306194 0.0445720 0.0026018 0.0297594 -0.1174722 0.0270846 -0.0101882 0.0158125 0.0164755 0.0413055 -0.0589443 0.0242309 -0.0762321 -0.2544475 -0.2614868 -0.2586802 -0.2552431 -0.2569373 -0.2547910 -0.2585613 -0.2599080 -0.2599260 -0.2642243 -0.2629502 -0.2639119 -0.2639623 -0.2628500 -0.2674629 -0.2643657 -0.2643863 -0.2649667
0.0703469 0.0735681 0.0748638 0.0725265 0.0737214 0.0739514 0.0750922 0.0740212 0.0724675 0.0692724 0.0681159 0.0699986 0.0740089 0.0684188 0.0758308 0.0769172 -0.0165435 -0.0003213 0.0037162 -0.0096346 -0.0100533 0.0033341 -0.0129913 -0.0045484 0.0786857 0.1085403 0.8513012 0.0719756 0.0768282 0.0832063 0.0825906 0.0810986 0.0802175 0.0573496 0.0645612 0.0772899 0.0732746 0.0687287 0.0731506 0.0772048 0.0543776 0.0590254 0.0691278 0.0567775 0.0586718 0.0662141 0.0597561 0.0585083 -0.0012987 0.0462701 0.0262638 0.0203692 0.0344230 0.0369970 0.0422979 0.0166201 0.0224602 0.0307893 0.0635196 0.0434333 0.0699748 0.0594836 0.0587385 0.0612014 0.0521932 0.0497070 0.0393806 0.0584854 0.0423836 0.0679990 0.0460887 0.0159200 0.0151197 0.0419493 0.0438721 0.0393308 0.0247909 0.0060337 0.0269255 -0.0453192 -0.0509821 0.0381412 0.0309664 0.0392211 0.0025744 0.0237783 -0.1107758 0.0228761 -0.0111073 0.0099297 0.0096147 0.0372584 -0.0603214 0.0279096 -0.0766106 -0.2609427 -0.2667030 -0.2630088 -0.2594047 -0.2617242 -0.2587880 -0.2615169 -0.2625639 -0.2645310 -0.2674187 -0.2666928 -0.2689012 -0.2684562 -0.2687017 -0.2701350 -0.2675189 -0.2698723 -0.2685883
0.0556252 0.0586309 0.0621224 0.0614642 0.0584564 0.0594536 0.0619866 0.0604496 0.0607069 0.0595685 0.0578788 0.0580632 0.0592349 0.0593653 0.0620873 0.0621844 -0.0129408 -0.0042398 -0.0048210 -0.0138733 -0.0197303 0.0020385 -0.0165681 -0.0029577 0.0882897 0.0659683 0.0719756 0.8605303 0.1008411 0.0845480 0.0840544 0.0925470 0.0667859 0.0526052 0.0571044 0.0744254 0.0689528 0.0651783 0.0672476 0.0606280 0.0563009 0.0571286 0.0664433 0.0506830 0.0529615 0.0686875 0.0649680 0.0593384 -0.0033408 0.0398730 0.0341526 0.0191604 0.0375118 0.0446106 0.0406111 0.0134583 0.0247390 0.0236897 0.0615267 0.0315007 0.0649644 0.0574145 0.0579965 0.0535051 0.0448519 0.0484162 0.0312245 0.0597568 0.0422949 0.0635386 0.0364813 0.0191236 0.0263300 0.0338441 0.0372569 0.0339517 0.0227971 0.0051824 0.0202330 -0.0372403 -0.0438040 0.0327118 0.0295696 0.0366361 -0.0024898 0.0214954 -0.1028552 0.0228859 -0.0173225 0.0118780 0.0120416 0.0290545 -0.0636027 0.0219006 -0.0746058 -0.2386657 -0.2438823 -0.2425581 -0.2376003 -0.2373365 -0.2364981 -0.2389946 -0.2416299 -0.2436575 -0.2485110 -0.2448699 -0.2461507 -0.2472236 -0.2453831 -0.2488721 -0.2456019 -0.2485453 -0.2485858
0.0591643 0.0621155 0.0608423 0.0615918 0.0595863 0.0623317 0.0620695 0.0610588 0.0605615 0.0584590 0.0581514 0.0576473 0.0604250 0.0603623 0.0638965 0.0660548 -0.0220807 -0.0018647 -0.0062580 -0.0172553 -0.0233997 -0.0074141 -0.0191377 -0.0097780 0.1002833 0.0811097 0.0768282 0.1008411 0.8558259 0.0951317 0.0911362 0.1013768 0.0737150 0.0556035 0.0606149 0.0752902 0.0668863 0.0702042 0.0724287 0.0690321 0.0533303 0.0502311 0.0667342 0.0526576 0.0529322 0.0641908 0.0547065 0.0601017 0.0103619 0.0427086 0.0334683 0.0101812 0.0389460 0.0441554 0.0433978 0.0185362 0.0247107 0.0312653 0.0645984 0.0355615 0.0726164 0.0624011 0.0621210 0.0597386 0.0478401 0.0544354 0.0393629 0.0593362 0.0428883 0.0657717 0.0411025 0.0198773 0.0209359 0.0407015 0.0406497 0.0354681 0.0256062 0.0074353 0.0276692 -0.0344399 -0.0421400 0.0384617 0.0278950 0.0411701 -0.0015497 0.0186917 -0.1087949 0.0207138 -0.0105262 0.0179228 0.0186017 0.0347759 -0.0628757 0.0240265 -0.0752296 -0.2464163 -0.2539078 -0.2506272 -0.2487106 -0.2488016 -0.2472748 -0.2493861 -0.2528960 -0.2529656 -0.2561344 -0.2569008 -0.2555319 -0.2573280 -0.2570355 -0.2585121 -0.2570817 -0.2579141 -0.2580664
0.0564858 0.0594298 0.0604107 0.0588293 0.0569932 0.0604951 0.0622678 0.0584782 0.0585152 0.0545001 0.0524157 0.0524989 0.0564240 0.0536900 0.0616884 0.0626463 -0.0242898 -0.0113321 -0.0131767 -0.0237389 -0.0326373 -0.0141992 -0.0249430 -0.0157969 0.1114801 0.0747725 0.0832063 0.0845480 0.0951317 0.8558561 0.1135051 0.0925597 0.0754550 0.0582328 0.0676625 0.0798924 0.0743329 0.0814016 0.0726566 0.0774538 0.0524590 0.0601173 0.0774334 0.0573199 0.0613119 0.0685327 0.0617677 0.0741325 0.0045154 0.0442346 0.0304526 0.0203379 0.0398674 0.0422663 0.0534256 0.0206269 0.0246879 0.0301007 0.0671953 0.0370351 0.0774630 0.0683876 0.0694838 0.0652782 0.0513466 0.0581405 0.0447097 0.0746157 0.0539613 0.0738074 0.0484303 0.0194202 0.0266668 0.0382769 0.0392427 0.0488657 0.0253026 0.0121043 0.0285569 -0.0360637 -0.0418553 0.0448318 0.0363624 0.0430094 0.0038622 0.0293557 -0.1137379 0.0289664 -0.0101231 0.0228441 0.0230127 0.0407296 -0.0620421 0.0294541 -0.0785575 -0.2582121 -0.2661428 -0.2614931 -0.2600943 -0.2600183 -0.2580593 -0.2596960 -0.2627343 -0.2629243 -0.2677858 -0.2668750 -0.2671126 -0.2668644 -0.2689990 -0.2684841 -0.2680168 -0.2692953 -0.2690975
0.0674589 0.0696091 0.0717151 0.0683434 0.0697892 0.0667699 0.0702835 0.0692241 0.0669689 0.0640192 0.0633735 0.0630798 0.0661433 0.0627135 0.0720346 0.0733992 -0.0256786 -0.0082862 -0.0087759 -0.0232818 -0.0235397 -0.0078111 -0.0178819 -0.0127605 0.1130796 0.0846020 0.0825906 0.0840544 0.0911362 0.1135051 0.8538133 0.0941827 0.0860656 0.0624495 0.0705883 0.0889840 0.0799623 0.0829473 0.0827291 0.0835004 0.0609491 0.0624224 0.0800639 0.0598352 0.0643575 0.0795143 0.0638688 0.0735364 -0.0033822 0.0543969 0.0353686 0.0277179 0.0439583 0.0454251 0.0546860 0.0249428 0.0237273 0.0298671 0.0798227 0.0401675 0.0755264 0.0663168 0.0665362 0.0599047 0.0550166 0.0593125 0.0465602 0.0740999 0.0522551 0.0806396 0.0476400 0.0171843 0.0250495 0.0467537 0.0477879 0.0423552 0.0287142 0.0098202 0.0288468 -0.0382080 -0.0494295 0.0419923 0.0358427 0.0474125 -0.0010114 0.0273999 -0.1174887 0.0307192 -0.0098743 0.0231346 0.0233860 0.0435466 -0.0706060 0.0390935 -0.0857650 -0.2779072 -0.2844772 -0.2786248 -0.2784643 -0.2780182 -0.2757271 -0.2789202 -0.2810693 -0.2828262 -0.2857476 -0.2855623 -0.2853398 -0.2858094 -0.2868675 -0.2866950 -0.2871462 -0.2871115 -0.2863139
0.0558244 0.0605379 0.0584052 0.0586003 0.0571972 0.0567297 0.0602043 0.0589936 0.0591967 0.0554830 0.0518135 0.0538918 0.0571345 0.0550502 0.0591529 0.0649868 -0.0287022 -0.0110311 -0.0129029 -0.0229447 -0.0308080 -0.0109219 -0.0231176 -0.0114043 0.0930631 0.0760535 0.0810986 0.0925470 0.1013768 0.0925597 0.0941827 0.8536159 0.0800678 0.0554024 0.0594625 0.0816076 0.0710948 0.0696876 0.0743567 0.0684364 0.0497348 0.0565838 0.0679321 0.0522818 0.0547459 0.0684942 0.0594841 0.0621960 0.0000192 0.0467885 0.0291099 0.0226706 0.0341585 0.0461857 0.0481930 0.0236422 0.0250636 0.0324691 0.0626148 0.0412467 0.0710934 0.0675122 0.0677754 0.0560558 0.0479191 0.0528266 0.0462254 0.0625041 0.0479959 0.0689831 0.0514239 0.0207946 0.0242131 0.0356735 0.0381935 0.0441184 0.0290602 0.0103928 0.0240894 -0.0324532 -0.0410351 0.0392309 0.0293878 0.0404001 0.0024384 0.0241986 -0.1051123 0.0223440 -0.0063424 0.0111889 0.0121000 0.0357168 -0.0570754 0.0359497 -0.0737210 -0.2487568 -0.2540569 -0.2496792 -0.2487486 -0.2475332 -0.2472287 -0.2490568 -0.2517136 -0.2523274 -0.2554761 -0.2551782 -0.2568621 -0.2575038 -0.2582173 -0.2587384 -0.2575796 -0.2581713 -0.2570210
0.0679563 0.0676146 0.0699657 0.0691255 0.0677187 0.0706787 0.0717885 0.0715992 0.0686090 0.0671119 0.0631350 0.0647845 0.0692086 0.0634334 0.0718879 0.0782461 -0.0266386 -0.0069937 -0.0095941 -0.0192934 -0.0296663 -0.0080653 -0.0208882 -0.0138975 0.0835153 0.0845353 0.0802175 0.0667859 0.0737150 0.0754550 0.0860656 0.0800678 0.8530275 0.0629236 0.0777375 0.0964102 0.0775013 0.0875085 0.0910267 0.0897676 0.0593178 0.0683593 0.0819052 0.0630064 0.0659183 0.0707354 0.0621282 0.0772475 0.0042066 0.0609145 0.0388458 0.0216200 0.0451940 0.0471699 0.0530641 0.0256897 0.0295148 0.0333216 0.0802624 0.0417915 0.0793050 0.0710250 0.0700004 0.0672612 0.0591899 0.0631883 0.0512815 0.0758706 0.0529692 0.0753542 0.0504779 0.0227699 0.0234211 0.0518927 0.0486025 0.0444031 0.0338251 0.0138125 0.0308864 -0.0352659 -0.0442101 0.0433043 0.0361361 0.0471761 0.0040162 0.0354699 -0.1213689 0.0358246 -0.0054250 0.0218552 0.0218638 0.0440019 -0.0683851 0.0279106 -0.0739958 -0.2818913 -0.2846980 -0.2831026 -0.2821512 -0.2812762 -0.2792333 -0.2810645 -0.2850261 -0.2855256 -0.2904777 -0.2889555 -0.2898574 -0.2898722 -0.2908827 -0.2913732 -0.2888233 -0.2894121 -0.2905815
0.0545108 0.0564404 0.0567608 0.0553289 0.0558695 0.0555948 0.0578361 0.0573375 0.0559432 0.0540264 0.0526484 0.0537796 0.0553706 0.0540901 0.0568165 0.0570683 -0.0082938 0.0035372 0.0024661 -0.0045190 -0.0096483 0.0046513 -0.0058530 0.0006749 0.0576409 0.0573958 0.0573496 0.0526052 0.0556035 0.0582328 0.0624495 0.0554024 0.0629236 0.9238113 0.0514856 0.0619656 0.0553644 0.0557175 0.0585326 0.0577022 0.0441390 0.0461440 0.0548350 0.0432052 0.0467269 0.0524903 0.0466795 0.0516369 0.0043155 0.0396979 0.0287501 0.0162852 0.0319795 0.0326890 0.0375212 0.0174942 0.0206371 0.0233773 0.0533313 0.0315145 0.0559023 0.0497075 0.0495600 0.0450122 0.0398374 0.0435300 0.0338617 0.0524080 0.0358977 0.0521609 0.0353490 0.0159056 0.0186673 0.0357551 0.0352379 0.0316451 0.0242343 0.0104102 0.0243477 -0.0270065 -0.0317961 0.0301905 0.0261065 0.0343655 0.0033514 0.0218354 -0.0809362 0.0232460 -0.0048758 0.0181929 0.0178520 0.0317243 -0.0443156 0.0230178 -0.0555292 -0.1944040 -0.1984754 -0.1959477 -0.1948869 -0.1944474 -0.1923033 -0.1944379 -0.1966661 -0.1978892 -0.2014163 -0.2001274 -0.2015525 -0.2011242 -0.2021678 -0.2029850 -0.2016704 -0.2031412 -0.2021049
