0.1297988 0.0000999 0.8701013
0.1118053 0.0000996 0.8880951
0.0773865 0.0000996 0.9225138
0.1586347 0.0000997 0.8412656
0.0511223 0.0000998 0.9487779
0.0574818 0.0000999 0.9424183
0.0501237 0.0000995 0.9497768
0.0436538 0.0000996 0.9562466
0.0374623 0.0000998 0.9624379
0.0364472 0.0023458 0.9612070
0.0158446 0.0075362 0.9766192
0.0001000 0.0035790 0.9963210
0.0352502 0.0000999 0.9646499
0.0394513 0.0019731 0.9585756
0.1835328 0.0000995 0.8163676
0.1659349 0.0000994 0.8339657
0.0660604 0.2493434 0.6845962
0.0529301 0.1996198 0.7474501
0.0002537 0.2037764 0.7959698
0.0000999 0.2265411 0.7733589
0.0000999 0.2492834 0.7506167
0.0000999 0.1895616 0.8103384
0.0000999 0.2328572 0.7670429
0.0391745 0.2117259 0.7490996
0.6579949 0.0000990 0.3419062
0.6951296 0.0000992 0.3047712
0.6490132 0.0000991 0.3508877
0.6903144 0.0010252 0.3086605
0.7135960 0.0000995 0.2863045
0.7643007 0.0000990 0.2356003
0.7304123 0.0000982 0.2694895
0.7398053 0.0000994 0.2600953
0.7315479 0.0000980 0.2683540
0.6198193 0.0433945 0.3367862
0.7327974 0.0060422 0.2611603
0.6908118 0.0000982 0.3090900
0.7057210 0.0000994 0.2941796
0.7176711 0.0000994 0.2822295
0.6834280 0.0000988 0.3164732
0.6959928 0.0000991 0.3039081
0.5662134 0.0352043 0.3985823
0.6859280 0.0264557 0.2876163
0.7928221 0.0000997 0.2070782
0.6323509 0.0366665 0.3309826
0.5666962 0.0236741 0.4096297
0.6629049 0.0015342 0.3355610
0.6814664 0.0256674 0.2928662
0.9128028 0.0053194 0.0818778
0.6391664 0.1952607 0.1655729
0.7154921 0.0521150 0.2323929
0.6806078 0.0992070 0.2201852
0.5827734 0.1457292 0.2714974
0.7533956 0.0840926 0.1625118
0.6299618 0.0795819 0.2904564
0.7877111 0.0595175 0.1527714
0.6351953 0.1427329 0.2220718
0.7487316 0.1300639 0.1212044
0.6879120 0.1173579 0.1947301
0.8708565 0.0000999 0.1290435
0.7103404 0.0829115 0.2067480
0.8672275 0.0000995 0.1326731
0.9132360 0.0122869 0.0744771
0.9150092 0.0137428 0.0712480
0.7930178 0.0302391 0.1767431
0.8441841 0.0520289 0.1037870
0.7620975 0.0362418 0.2016606
0.8352172 0.0759615 0.0888213
0.9104050 0.0028501 0.0867449
0.8971326 0.0670808 0.0357866
0.7316313 0.0028780 0.2654907
0.8341838 0.0694046 0.0964116
0.7071265 0.1491896 0.1436839
0.7116703 0.1363911 0.1519386
0.6600009 0.0685865 0.2714126
0.7590054 0.0717776 0.1692170
0.6810969 0.0852813 0.2336218
0.6870008 0.1131817 0.1998175
0.7023834 0.1724236 0.1251930
0.6666420 0.1145629 0.2187952
0.6595529 0.3254672 0.0149798
0.6566355 0.3432644 0.0001001
0.8201873 0.0926208 0.0871919
0.7474071 0.1086049 0.1439880
0.7553888 0.0738986 0.1707126
0.7643065 0.2011573 0.0345362
0.7764149 0.1251757 0.0984093
0.2973396 0.5412493 0.1614111
0.7684665 0.1214437 0.1100899
0.6890159 0.2341319 0.0768522
0.8625062 0.1373937 0.0001001
0.8602639 0.1396360 0.0001001
0.7900482 0.0851775 0.1247743
0.3975048 0.3916854 0.2108098
0.7885602 0.1186286 0.0928112
0.5190051 0.4363129 0.0446821
0.0141562 0.9857438 0.0001000
0.0032564 0.9966435 0.0001000
0.0104456 0.9894544 0.0001000
0.0066520 0.9877867 0.0055613
0.0139715 0.9859285 0.0001000
0.0194102 0.9804899 0.0001000
0.0137401 0.9861599 0.0001000
0.0060573 0.9930748 0.0008679
0.0028179 0.9949263 0.0022558
0.0001000 0.9998000 0.0001000
0.0001000 0.9998000 0.0001000
0.0001000 0.9998000 0.0001000
0.0001000 0.9998000 0.0001000
0.0001000 0.9998000 0.0001000
0.0001000 0.9998000 0.0001000
0.0001000 0.9998000 0.0001000
0.0001000 0.9998000 0.0001000
0.0001000 0.9998000 0.0001000
