0.8801636 0.1886961 0.1583288 0.1757111 0.1655438 0.1588470 0.1629337 0.1683246 0.1611745 0.1585775 0.1606753 0.1682704 0.1574295 0.1547838 0.1427591 0.1476534 0.0040068 0.0314915 0.0338320 0.0236352 0.0197066 0.0479738 0.0228732 0.0258026 0.0740158 0.0655856 0.0722257 0.0567723 0.0633577 0.0617733 0.0724408 0.0593438 0.0708158 0.0633955 0.0539886 0.0739796 0.0611946 0.0630339 0.0722698 0.0654760 0.0520774 0.0480745 0.0532600 0.0540725 0.0673987 0.0609758 0.0521881 0.0368195 -0.0182406 0.0350036 0.0134896 0.0065264 0.0162438 0.0297760 0.0169712 0.0184682 -0.0009286 0.0070293 0.0434085 0.0129877 0.0471189 0.0331787 0.0318958 0.0433556 0.0199306 0.0383142 0.0133875 0.0369025 0.0092304 0.0539290 0.0111157 -0.0143628 -0.0052805 0.0140431 0.0012114 0.0132682 -0.0012830 -0.0129687 0.0040635 -0.0749490 -0.0837100 -0.0077425 0.0007414 0.0085229 -0.0400557 -0.0184932 -0.1243390 -0.0093701 -0.0363041 -0.0067001 -0.0068280 0.0099684 -0.0674556 -0.0045036 -0.1137626 -0.2740570 -0.2764673 -0.2763430 -0.2742686 -0.2738059 -0.2731771 -0.2736641 -0.2745888 -0.2756685 -0.2758840 -0.2783711 -0.2768061 -0.2765984 -0.2772120 -0.2773773 -0.2765835 -0.2791328 -0.2755526
0.1886961 0.8876605 0.1621331 0.1858568 0.1686999 0.1666966 0.1689222 0.1718273 0.1645055 0.1632131 0.1676126 0.1709882 0.1667625 0.1605771 0.1462158 0.1533586 -0.0018184 0.0335722 0.0372078 0.0242506 0.0139699 0.0455768 0.0230126 0.0192084 0.0762313 0.0678026 0.0761470 0.0607117 0.0673072 0.0656018 0.0755161 0.0653027 0.0710319 0.0661550 0.0549147 0.0764733 0.0622772 0.0674190 0.0762389 0.0695262 0.0564393 0.0508857 0.0543126 0.0585355 0.0689845 0.0644012 0.0506766 0.0323652 -0.0196096 0.0398684 0.0136232 0.0065189 0.0172912 0.0296631 0.0181221 0.0195386 -0.0028698 0.0086808 0.0459608 0.0145009 0.0474808 0.0375584 0.0367071 0.0440502 0.0232686 0.0391562 0.0166805 0.0330749 0.0079712 0.0556358 0.0110393 -0.0144699 -0.0047830 0.0141663 0.0027333 0.0201731 -0.0020408 -0.0147654 0.0068666 -0.0790688 -0.0851426 -0.0075312 0.0005374 0.0069314 -0.0442196 -0.0169804 -0.1269865 -0.0069968 -0.0383368 -0.0091654 -0.0103121 0.0116263 -0.0703762 -0.0010950 -0.1156929 -0.2827204 -0.2860349 -0.2845614 -0.2826049 -0.2829022 -0.2831774 -0.2820718 -0.2864664 -0.2853954 -0.2854768 -0.2853326 -0.2874187 -0.2852808 -0.2860594 -0.2852805 -0.2860178 -0.2884435 -0.2849748
0.1583288 0.1621331 0.8885114 0.1589665 0.2159598 0.2081172 0.2255324 0.2158350 0.1721854 0.1729070 0.1751780 0.1788894 0.1740589 0.1686274 0.1528637 0.1607429 -0.0132262 0.0179798 0.0260694 0.0025066 0.0015782 0.0334650 0.0062619 0.0046629 0.0798905 0.0715127 0.0817170 0.0681155 0.0717903 0.0708723 0.0831519 0.0694969 0.0755263 0.0715787 0.0603324 0.0836998 0.0682359 0.0672786 0.0788303 0.0734096 0.0671072 0.0613574 0.0504121 0.0566871 0.0729989 0.0740527 0.0604373 0.0107969 -0.0284916 0.0346642 0.0155559 0.0086487 0.0174878 0.0339510 0.0190250 0.0288498 0.0011909 0.0017668 0.0372964 0.0066744 0.0420917 0.0281670 0.0280568 0.0399006 0.0112674 0.0245247 0.0041532 0.0113393 -0.0041190 0.0512504 0.0034562 -0.0118715 -0.0034568 0.0224189 0.0129885 0.0281501 0.0081722 -0.0140146 0.0076053 -0.0850503 -0.0931545 -0.0066310 0.0005258 0.0065449 -0.0482754 -0.0185915 -0.1228304 -0.0193841 -0.0415446 -0.0024166 -0.0024392 0.0121994 -0.0723145 -0.0058313 -0.1248460 -0.2845254 -0.2875443 -0.2869715 -0.2839456 -0.2835453 -0.2830277 -0.2846820 -0.2852521 -0.2871869 -0.2867336 -0.2874479 -0.2875083 -0.2867409 -0.2861405 -0.2867246 -0.2863083 -0.2888592 -0.2863126
0.1757111 0.1858568 0.1589665 0.8879608 0.1615082 0.1603854 0.1602978 0.1665219 0.1595485 0.1548104 0.1612720 0.1628029 0.1552639 0.1547193 0.1415708 0.1477341 0.0015312 0.0301773 0.0345733 0.0199624 0.0132406 0.0436147 0.0219919 0.0219384 0.0758004 0.0655486 0.0751583 0.0631465 0.0664595 0.0643793 0.0740084 0.0626917 0.0725783 0.0649372 0.0565486 0.0741563 0.0629570 0.0679449 0.0741449 0.0688273 0.0555482 0.0519451 0.0584346 0.0581651 0.0704659 0.0635766 0.0513720 0.0339335 -0.0179736 0.0384353 0.0187726 0.0064626 0.0182553 0.0306523 0.0216603 0.0193527 0.0009787 0.0102868 0.0449111 0.0168513 0.0450661 0.0344119 0.0341958 0.0449206 0.0238427 0.0347429 0.0121540 0.0351375 0.0070042 0.0564072 0.0109479 -0.0104857 -0.0048220 0.0176377 0.0081882 0.0185766 0.0017115 -0.0105335 0.0073314 -0.0776739 -0.0845295 -0.0057940 0.0050780 0.0114027 -0.0424785 -0.0179192 -0.1252863 -0.0081210 -0.0371218 -0.0042533 -0.0039114 0.0142119 -0.0694342 -0.0025965 -0.1123254 -0.2779874 -0.2801905 -0.2784838 -0.2765042 -0.2779734 -0.2762643 -0.2771806 -0.2793185 -0.2796636 -0.2810770 -0.2807374 -0.2812081 -0.2808683 -0.2801276 -0.2799108 -0.2793788 -0.2829492 -0.2781082
0.1655438 0.1686999 0.2159598 0.1615082 0.9062778 0.2266055 0.2316018 0.2291511 0.1776861 0.1778966 0.1812040 0.1863189 0.1792514 0.1742403 0.1543126 0.1658264 -0.0212166 0.0187139 0.0208772 0.0027343 -0.0009708 0.0337258 0.0058766 0.0031830 0.0824439 0.0701188 0.0811144 0.0647474 0.0717161 0.0683814 0.0822045 0.0690673 0.0738608 0.0717767 0.0552213 0.0818531 0.0635821 0.0682063 0.0808826 0.0697823 0.0683577 0.0601775 0.0489970 0.0581683 0.0727480 0.0698989 0.0612800 0.0058864 -0.0281794 0.0354521 0.0112246 0.0108255 0.0144823 0.0331664 0.0155537 0.0290301 -0.0017521 0.0006500 0.0383148 -0.0011245 0.0440670 0.0340631 0.0302354 0.0415345 0.0143208 0.0260291 0.0017055 0.0058273 -0.0074787 0.0551563 -0.0008170 -0.0178597 -0.0081821 0.0187789 0.0092010 0.0277608 0.0043459 -0.0156292 0.0042377 -0.0888772 -0.0975799 -0.0116139 -0.0060989 0.0025387 -0.0513774 -0.0228494 -0.1232583 -0.0211728 -0.0414167 0.0021310 0.0024134 0.0117086 -0.0719963 -0.0126644 -0.1244471 -0.2826162 -0.2832052 -0.2826874 -0.2805699 -0.2811108 -0.2801682 -0.2814064 -0.2818391 -0.2818397 -0.2817532 -0.2841217 -0.2828100 -0.2827630 -0.2827195 -0.2815315 -0.2815215 -0.2847821 -0.2801921
0.1588470 0.1666966 0.2081172 0.1603854 0.2266055 0.8989425 0.2225566 0.2209991 0.1749378 0.1750889 0.1782606 0.1847234 0.1748493 0.1710930 0.1532644 0.1644807 -0.0174360 0.0160428 0.0216679 0.0001579 -0.0021450 0.0291859 0.0031907 0.0015938 0.0852623 0.0739743 0.0824127 0.0673332 0.0754308 0.0735068 0.0801504 0.0710696 0.0767910 0.0705754 0.0554313 0.0802062 0.0609930 0.0638049 0.0744046 0.0701332 0.0677506 0.0613869 0.0521373 0.0575202 0.0728444 0.0720281 0.0627944 0.0050532 -0.0281230 0.0317550 0.0068281 0.0121554 0.0119399 0.0355506 0.0160884 0.0309561 -0.0050181 0.0001168 0.0341148 0.0017028 0.0414781 0.0274613 0.0261011 0.0418274 0.0127534 0.0296523 0.0041843 0.0054586 -0.0005577 0.0553035 0.0010870 -0.0139441 -0.0064821 0.0172684 0.0075132 0.0268670 0.0062500 -0.0198858 0.0059869 -0.0843366 -0.0937704 -0.0066320 0.0002277 0.0051793 -0.0491000 -0.0172548 -0.1219785 -0.0212332 -0.0409675 -0.0143660 -0.0152686 0.0109370 -0.0679958 -0.0099492 -0.1224013 -0.2811720 -0.2817110 -0.2828715 -0.2801460 -0.2801702 -0.2791393 -0.2808301 -0.2826011 -0.2809702 -0.2834471 -0.2825728 -0.2820674 -0.2833769 -0.2832082 -0.2807086 -0.2802840 -0.2826339 -0.2816990
0.1629337 0.1689222 0.2255324 0.1602978 0.2316018 0.2225566 0.8971189 0.2343831 0.1774531 0.1783307 0.1818458 0.1876247 0.1777535 0.1766512 0.1531526 0.1665343 -0.0212258 0.0174130 0.0239480 0.0060199 -0.0016464 0.0316894 0.0048374 -0.0010759 0.0830032 0.0721614 0.0817154 0.0671320 0.0729135 0.0730744 0.0820115 0.0711198 0.0775450 0.0740812 0.0601259 0.0833095 0.0632262 0.0698855 0.0805615 0.0761904 0.0654754 0.0572381 0.0532751 0.0593695 0.0717136 0.0684694 0.0595604 0.0128584 -0.0260480 0.0354532 0.0115670 0.0098133 0.0149733 0.0339843 0.0144124 0.0304566 0.0001003 0.0011225 0.0355879 -0.0009823 0.0393579 0.0294388 0.0266992 0.0448840 0.0190236 0.0337365 0.0100540 0.0139904 0.0000676 0.0582392 0.0036418 -0.0155490 -0.0070396 0.0197122 0.0100280 0.0275430 0.0052375 -0.0134985 0.0047909 -0.0882438 -0.0966661 -0.0106500 -0.0007119 0.0029280 -0.0505472 -0.0210437 -0.1272957 -0.0208463 -0.0396363 0.0004035 0.0001408 0.0107601 -0.0742490 -0.0109641 -0.1278746 -0.2895744 -0.2921487 -0.2910140 -0.2903523 -0.2900199 -0.2874077 -0.2907626 -0.2918916 -0.2910877 -0.2916073 -0.2918053 -0.2930958 -0.2908768 -0.2920587 -0.2906675 -0.2915193 -0.2902181 -0.2897960
0.1683246 0.1718273 0.2158350 0.1665219 0.2291511 0.2209991 0.2343831 0.9050778 0.1824305 0.1794666 0.1849833 0.1929891 0.1802238 0.1790274 0.1585906 0.1673831 -0.0165760 0.0182641 0.0282592 0.0063354 0.0020990 0.0364051 0.0081466 0.0008620 0.0837176 0.0733688 0.0815268 0.0661404 0.0726126 0.0702623 0.0818525 0.0711489 0.0777889 0.0729760 0.0583643 0.0834117 0.0648773 0.0696571 0.0802109 0.0735947 0.0668098 0.0574629 0.0532785 0.0608317 0.0710325 0.0713599 0.0590106 0.0121531 -0.0271222 0.0353672 0.0078243 0.0137816 0.0123686 0.0351189 0.0175906 0.0292371 -0.0022028 -0.0016095 0.0309498 0.0019088 0.0381412 0.0244461 0.0221784 0.0406293 0.0155867 0.0328902 0.0069578 0.0119160 0.0012604 0.0558188 0.0042795 -0.0138887 -0.0071523 0.0214946 0.0080852 0.0267955 0.0054533 -0.0165506 0.0047834 -0.0882562 -0.0967051 -0.0111867 -0.0006079 0.0041999 -0.0471773 -0.0216734 -0.1255172 -0.0171650 -0.0407384 -0.0045872 -0.0048918 0.0118574 -0.0724723 -0.0074420 -0.1244062 -0.2892108 -0.2908002 -0.2898240 -0.2877874 -0.2887612 -0.2876667 -0.2891712 -0.2908351 -0.2908046 -0.2903633 -0.2916529 -0.2901528 -0.2908874 -0.2903137 -0.2900942 -0.2894563 -0.2917124 -0.2886918
0.1611745 0.1645055 0.1721854 0.1595485 0.1776861 0.1749378 0.1774531 0.1824305 0.9027477 0.2098780 0.2206273 0.2183166 0.2131888 0.2059335 0.1609573 0.1695315 -0.0038611 0.0287936 0.0354287 0.0213353 0.0111812 0.0401935 0.0217613 0.0145528 0.0817038 0.0637347 0.0774469 0.0656781 0.0690420 0.0712462 0.0775348 0.0699416 0.0744260 0.0660365 0.0528920 0.0778630 0.0608365 0.0641196 0.0723521 0.0695947 0.0582334 0.0462357 0.0545596 0.0665397 0.0759689 0.0665938 0.0572708 0.0398677 -0.0215132 0.0312585 0.0073323 0.0031861 0.0070148 0.0308163 0.0192331 0.0225622 -0.0057358 0.0098857 0.0348513 0.0067003 0.0398071 0.0285954 0.0282844 0.0382504 0.0239318 0.0520748 0.0260241 0.0401210 0.0221746 0.0599912 0.0167389 -0.0159289 -0.0058652 -0.0008794 -0.0133381 0.0056977 -0.0221846 -0.0235649 -0.0018938 -0.0837670 -0.0898328 -0.0109105 -0.0029271 0.0011560 -0.0478441 -0.0259121 -0.1227952 -0.0167531 -0.0395799 -0.0322571 -0.0317154 0.0075854 -0.0707350 -0.0027152 -0.1239944 -0.2853323 -0.2863387 -0.2852255 -0.2830818 -0.2832509 -0.2834153 -0.2847329 -0.2858188 -0.2860184 -0.2848930 -0.2869543 -0.2853101 -0.2860586 -0.2858836 -0.2843730 -0.2867981 -0.2897151 -0.2847655
0.1585775 0.1632131 0.1729070 0.1548104 0.1778966 0.1750889 0.1783307 0.1794666 0.2098780 0.8984073 0.2093204 0.2156685 0.2222224 0.2052904 0.1537311 0.1647558 -0.0099939 0.0247075 0.0286696 0.0186167 0.0084197 0.0372933 0.0166501 0.0131118 0.0776098 0.0630025 0.0740746 0.0634127 0.0667098 0.0659224 0.0742609 0.0652894 0.0727472 0.0658306 0.0536272 0.0776086 0.0573385 0.0621325 0.0741670 0.0697326 0.0539440 0.0468776 0.0536156 0.0641969 0.0714165 0.0616275 0.0521195 0.0352513 -0.0244976 0.0323757 0.0065615 0.0087969 0.0099954 0.0312689 0.0116803 0.0241064 -0.0053814 0.0053825 0.0343120 0.0045858 0.0386288 0.0272519 0.0250925 0.0366764 0.0237254 0.0456336 0.0201317 0.0348379 0.0150832 0.0538332 0.0102372 -0.0178338 -0.0083468 0.0015743 -0.0101830 0.0091486 -0.0160120 -0.0203038 -0.0016486 -0.0849021 -0.0956541 -0.0150216 -0.0032276 0.0004152 -0.0519051 -0.0253628 -0.1214109 -0.0219349 -0.0387682 -0.0209862 -0.0199013 0.0062423 -0.0698343 -0.0083321 -0.1205234 -0.2775070 -0.2774050 -0.2792591 -0.2748692 -0.2750143 -0.2740358 -0.2771254 -0.2763908 -0.2774833 -0.2761146 -0.2783502 -0.2777840 -0.2761762 -0.2768259 -0.2764819 -0.2767249 -0.2787225 -0.2764420
0.1606753 0.1676126 0.1751780 0.1612720 0.1812040 0.1782606 0.1818458 0.1849833 0.2206273 0.2093204 0.9234245 0.2293381 0.2150119 0.2095211 0.1617680 0.1672918 -0.0046917 0.0291582 0.0389421 0.0207277 0.0138320 0.0426543 0.0219431 0.0141321 0.0748668 0.0595740 0.0724689 0.0615799 0.0662570 0.0643669 0.0736572 0.0611480 0.0690873 0.0643359 0.0500121 0.0747888 0.0581728 0.0609762 0.0717485 0.0652568 0.0551246 0.0459539 0.0531510 0.0626922 0.0726108 0.0626612 0.0508864 0.0345189 -0.0230823 0.0290290 0.0072592 0.0026040 0.0083796 0.0252840 0.0119315 0.0225216 -0.0075515 0.0065106 0.0350259 0.0045265 0.0356856 0.0242127 0.0228751 0.0372192 0.0204660 0.0449922 0.0195731 0.0346132 0.0138578 0.0509160 0.0083078 -0.0230943 -0.0107764 -0.0034873 -0.0138331 0.0028413 -0.0229684 -0.0214215 -0.0079369 -0.0848755 -0.0943717 -0.0197142 -0.0031415 -0.0051415 -0.0536679 -0.0325017 -0.1213453 -0.0221929 -0.0428039 -0.0152313 -0.0147613 0.0067174 -0.0709827 -0.0064347 -0.1238029 -0.2723405 -0.2742354 -0.2743621 -0.2705815 -0.2718857 -0.2718796 -0.2726288 -0.2734039 -0.2730840 -0.2702699 -0.2738402 -0.2733583 -0.2728648 -0.2736049 -0.2715857 -0.2749234 -0.2767692 -0.2719765
0.1682704 0.1709882 0.1788894 0.1628029 0.1863189 0.1847234 0.1876247 0.1929891 0.2183166 0.2156685 0.2293381 0.9191176 0.2210794 0.2137204 0.1592723 0.1735245 -0.0100379 0.0269957 0.0329569 0.0160910 0.0068361 0.0400270 0.0173371 0.0095506 0.0767762 0.0602604 0.0752869 0.0629052 0.0669501 0.0657636 0.0746471 0.0652493 0.0708381 0.0660876 0.0549999 0.0792169 0.0595400 0.0609772 0.0731452 0.0666854 0.0582005 0.0468878 0.0555256 0.0630727 0.0749518 0.0629634 0.0551713 0.0316778 -0.0270435 0.0281803 0.0043564 0.0048203 0.0092385 0.0306576 0.0125001 0.0229862 -0.0066784 0.0090444 0.0321299 0.0001329 0.0335094 0.0230822 0.0220605 0.0358530 0.0216043 0.0449393 0.0218060 0.0320341 0.0155526 0.0558377 0.0123844 -0.0217390 -0.0101430 -0.0054187 -0.0171778 0.0064224 -0.0218553 -0.0257093 -0.0047495 -0.0841157 -0.0943918 -0.0184066 -0.0038556 -0.0071567 -0.0557337 -0.0304812 -0.1201870 -0.0244781 -0.0418438 -0.0203877 -0.0205752 0.0027975 -0.0676782 -0.0101185 -0.1262821 -0.2785614 -0.2783753 -0.2787186 -0.2764615 -0.2770534 -0.2772161 -0.2779218 -0.2774011 -0.2798426 -0.2756356 -0.2778339 -0.2781508 -0.2778434 -0.2770389 -0.2761016 -0.2785015 -0.2802207 -0.2774933
0.1574295 0.1667625 0.1740589 0.1552639 0.1792514 0.1748493 0.1777535 0.1802238 0.2131888 0.2222224 0.2150119 0.2210794 0.9054719 0.2134462 0.1572881 0.1659555 -0.0142205 0.0239886 0.0294149 0.0153296 0.0056371 0.0384573 0.0154140 0.0083845 0.0778423 0.0635726 0.0794325 0.0631476 0.0690755 0.0682359 0.0767363 0.0674452 0.0751433 0.0680495 0.0526186 0.0787595 0.0635715 0.0669787 0.0766845 0.0686893 0.0538986 0.0469052 0.0566092 0.0666057 0.0717783 0.0631871 0.0553394 0.0331025 -0.0244163 0.0334433 0.0042359 0.0114791 0.0135890 0.0264985 0.0156235 0.0227636 -0.0053227 0.0086826 0.0385152 0.0057089 0.0430115 0.0288482 0.0282181 0.0368008 0.0264160 0.0472840 0.0211254 0.0340398 0.0160249 0.0569106 0.0113294 -0.0169214 -0.0113731 0.0070490 -0.0056489 0.0138385 -0.0119355 -0.0179436 -0.0002821 -0.0923455 -0.0991852 -0.0173384 -0.0060505 0.0020571 -0.0545948 -0.0292643 -0.1225857 -0.0214447 -0.0380455 -0.0234825 -0.0230077 0.0060219 -0.0746461 -0.0068280 -0.1261454 -0.2822689 -0.2835461 -0.2836044 -0.2791510 -0.2799147 -0.2802019 -0.2821063 -0.2822379 -0.2829920 -0.2808276 -0.2840142 -0.2821441 -0.2831239 -0.2830844 -0.2818748 -0.2820994 -0.2856843 -0.2817447
0.1547838 0.1605771 0.1686274 0.1547193 0.1742403 0.1710930 0.1766512 0.1790274 0.2059335 0.2052904 0.2095211 0.2137204 0.2134462 0.9060194 0.1564897 0.1580890 -0.0020665 0.0301940 0.0374543 0.0206015 0.0124803 0.0447997 0.0210057 0.0174052 0.0776865 0.0575097 0.0719400 0.0615558 0.0667605 0.0634404 0.0713715 0.0625113 0.0685305 0.0654795 0.0524363 0.0764879 0.0614888 0.0621732 0.0721433 0.0699562 0.0520559 0.0460523 0.0568507 0.0627400 0.0704237 0.0613455 0.0516188 0.0396937 -0.0218601 0.0321317 0.0075532 0.0064090 0.0108109 0.0258314 0.0142125 0.0225017 -0.0076856 0.0078102 0.0363461 0.0065700 0.0379425 0.0250959 0.0238748 0.0392436 0.0248492 0.0446177 0.0203972 0.0395660 0.0170810 0.0541370 0.0106909 -0.0210298 -0.0097798 0.0052684 -0.0061297 0.0113639 -0.0130843 -0.0188559 -0.0021944 -0.0870495 -0.0948838 -0.0187455 -0.0037089 -0.0006368 -0.0524681 -0.0272681 -0.1221275 -0.0199671 -0.0389419 -0.0158885 -0.0156236 0.0082782 -0.0733057 -0.0014867 -0.1223115 -0.2779347 -0.2789603 -0.2789874 -0.2768119 -0.2771191 -0.2758709 -0.2784985 -0.2779183 -0.2792431 -0.2766769 -0.2794150 -0.2792918 -0.2775673 -0.2794366 -0.2785539 -0.2785808 -0.2803784 -0.2791222
0.1427591 0.1462158 0.1528637 0.1415708 0.1543126 0.1532644 0.1531526 0.1585906 0.1609573 0.1537311 0.1617680 0.1592723 0.1572881 0.1564897 0.8779888 0.1480915 0.0098171 0.0332538 0.0393756 0.0210847 0.0198169 0.0475416 0.0253136 0.0239579 0.0756779 0.0678375 0.0782226 0.0652715 0.0687094 0.0685661 0.0774548 0.0646003 0.0742882 0.0626659 0.0592968 0.0749263 0.0613894 0.0671472 0.0734324 0.0705398 0.0600286 0.0538791 0.0560419 0.0613353 0.0700766 0.0707505 0.0530514 0.0384838 -0.0164345 0.0355791 0.0172650 0.0082009 0.0153229 0.0368399 0.0263726 0.0159231 0.0020274 0.0155057 0.0432804 0.0172594 0.0452314 0.0329142 0.0300126 0.0374060 0.0255935 0.0418278 0.0210480 0.0392653 0.0167480 0.0572070 0.0188451 -0.0046564 0.0011875 0.0106198 0.0005145 0.0139163 -0.0075716 -0.0179137 0.0081730 -0.0647392 -0.0737224 0.0052736 0.0142267 0.0129461 -0.0301093 -0.0082166 -0.1242269 -0.0054883 -0.0369881 -0.0224079 -0.0221156 0.0119835 -0.0632944 0.0029230 -0.1074476 -0.2786567 -0.2833748 -0.2833537 -0.2793364 -0.2789619 -0.2775935 -0.2817675 -0.2818021 -0.2817447 -0.2844027 -0.2848285 -0.2846848 -0.2844327 -0.2842418 -0.2849060 -0.2849042 -0.2869749 -0.2854089
0.1476534 0.1533586 0.1607429 0.1477341 0.1658264 0.1644807 0.1665343 0.1673831 0.1695315 0.1647558 0.1672918 0.1735245 0.1659555 0.1580890 0.1480915 0.8809507 -0.0045852 0.0270639 0.0310251 0.0152449 0.0105199 0.0361440 0.0160746 0.0156299 0.0826938 0.0754384 0.0828625 0.0691451 0.0755427 0.0734185 0.0830992 0.0760219 0.0827064 0.0654204 0.0615711 0.0828816 0.0629386 0.0695758 0.0774162 0.0711263 0.0682227 0.0620113 0.0598005 0.0599108 0.0718428 0.0767362 0.0638737 0.0248395 -0.0186986 0.0343010 0.0158013 0.0101147 0.0137320 0.0404872 0.0254687 0.0203776 0.0011387 0.0126564 0.0421753 0.0144975 0.0493019 0.0349656 0.0335246 0.0393973 0.0229664 0.0417061 0.0172333 0.0262770 0.0097825 0.0579858 0.0179424 -0.0057434 0.0023897 0.0161845 0.0028659 0.0258046 0.0001173 -0.0191427 0.0088476 -0.0678893 -0.0762872 0.0062849 0.0080097 0.0100113 -0.0328499 -0.0095540 -0.1238693 -0.0083439 -0.0388321 -0.0275584 -0.0280035 0.0141871 -0.0465377 -0.0003593 -0.1144106 -0.2850241 -0.2878781 -0.2870969 -0.2815338 -0.2840745 -0.2816970 -0.2848764 -0.2860891 -0.2873048 -0.2877125 -0.2895491 -0.2892037 -0.2891107 -0.2896941 -0.2889429 -0.2895779 -0.2912115 -0.2888343
0.0040068 -0.0018184 -0.0132262 0.0015312 -0.0212166 -0.0174360 -0.0212258 -0.0165760 -0.0038611 -0.0099939 -0.0046917 -0.0100379 -0.0142205 -0.0020665 0.0098171 -0.0045852 1.0534209 0.1445877 0.1527272 0.1716695 0.1809920 0.1351663 0.1675872 0.1827686 -0.0364387 -0.0248273 -0.0321687 -0.0206283 -0.0421396 -0.0440096 -0.0476378 -0.0527163 -0.0389594 -0.0357960 -0.0291342 -0.0370614 -0.0281727 -0.0363685 -0.0328288 -0.0300665 0.0029517 -0.0197179 -0.0398352 -0.0290186 -0.0125634 -0.0113949 -0.0180017 -0.0152492 0.0106339 -0.0260143 -0.0018316 -0.0271284 -0.0347423 -0.0064658 -0.0052354 -0.0650493 -0.0252862 -0.0197080 -0.0414006 0.0050575 -0.0374994 -0.0486036 -0.0468922 -0.0426091 -0.0393966 -0.0347774 -0.0495890 -0.0140819 -0.0381769 -0.0316170 -0.0227212 -0.0057480 -0.0066319 -0.0113138 -0.0240352 -0.0447870 -0.0286108 -0.0455384 0.0007593 0.0460003 0.0416497 0.0131184 0.0116458 -0.0032213 0.0298599 0.0243541 -0.0237511 0.0127228 -0.0413871 -0.0980150 -0.0994023 -0.0360795 0.0001033 -0.0049808 0.0307069 -0.0052623 -0.0123510 -0.0068982 0.0001184 -0.0027210 -0.0049029 -0.0029686 -0.0045762 -0.0065487 -0.0169947 -0.0166201 -0.0203060 -0.0181562 -0.0219898 -0.0212270 -0.0196565 -0.0316151 -0.0250120
0.0314915 0.0335722 0.0179798 0.0301773 0.0187139 0.0160428 0.0174130 0.0182641 0.0287936 0.0247075 0.0291582 0.0269957 0.0239886 0.0301940 0.0332538 0.0270639 0.1445877 0.9949555 0.1459373 0.1531193 0.1514962 0.1370322 0.1542064 0.1536665 -0.0179881 -0.0152112 -0.0163959 -0.0174072 -0.0233386 -0.0338011 -0.0300728 -0.0390969 -0.0182761 -0.0150385 -0.0215268 -0.0215664 -0.0130557 -0.0189372 -0.0142204 -0.0159349 0.0033348 -0.0266073 -0.0185009 -0.0140570 0.0027935 -0.0128869 -0.0188232 -0.0083201 -0.0031204 -0.0106036 0.0087698 -0.0354183 -0.0156872 -0.0037591 -0.0179910 -0.0520254 -0.0283574 -0.0134462 -0.0289682 0.0054218 -0.0348114 -0.0458088 -0.0453754 -0.0236476 -0.0270448 -0.0334424 -0.0437437 -0.0076656 -0.0441762 -0.0192308 -0.0264198 -0.0123393 -0.0098510 0.0077122 -0.0041339 -0.0161222 -0.0141890 -0.0219470 0.0076043 0.0111642 0.0031395 0.0018348 0.0030073 0.0004944 0.0114147 0.0216791 -0.0402151 0.0065549 -0.0386480 -0.0442718 -0.0450318 -0.0142134 -0.0141903 -0.0217650 0.0101047 -0.0571737 -0.0654496 -0.0602675 -0.0523423 -0.0552977 -0.0566867 -0.0576256 -0.0596467 -0.0581560 -0.0665418 -0.0690869 -0.0715166 -0.0714975 -0.0728213 -0.0716278 -0.0719006 -0.0795123 -0.0725678
0.0338320 0.0372078 0.0260694 0.0345733 0.0208772 0.0216679 0.0239480 0.0282592 0.0354287 0.0286696 0.0389421 0.0329569 0.0294149 0.0374543 0.0393756 0.0310251 0.1527272 0.1459373 1.0154753 0.1545014 0.1663913 0.1434668 0.1562860 0.1614438 -0.0223552 -0.0121413 -0.0149825 -0.0163228 -0.0277143 -0.0346216 -0.0319231 -0.0419475 -0.0224812 -0.0193608 -0.0326544 -0.0198236 -0.0222214 -0.0264421 -0.0168143 -0.0147010 0.0061090 -0.0220725 -0.0245518 -0.0169193 0.0147467 -0.0056764 -0.0162516 -0.0031811 0.0018981 -0.0094744 0.0052910 -0.0450155 -0.0104374 -0.0068712 -0.0128845 -0.0448795 -0.0345869 -0.0207944 -0.0237448 0.0015443 -0.0255273 -0.0317464 -0.0295129 -0.0192312 -0.0309517 -0.0359461 -0.0472364 -0.0013937 -0.0497437 -0.0226039 -0.0347417 -0.0284435 -0.0144469 -0.0171856 -0.0321462 -0.0420520 -0.0384619 -0.0381460 -0.0052388 0.0296882 0.0239054 -0.0060445 0.0070177 -0.0176379 0.0093919 0.0159342 -0.0533429 0.0025210 -0.0606921 -0.0332159 -0.0349232 -0.0191852 -0.0125486 -0.0182193 0.0004638 -0.0542565 -0.0619810 -0.0584032 -0.0505045 -0.0505209 -0.0539729 -0.0532620 -0.0550330 -0.0579706 -0.0631391 -0.0660066 -0.0694570 -0.0669665 -0.0688673 -0.0701939 -0.0677449 -0.0736268 -0.0731494
0.0236352 0.0242506 0.0025066 0.0199624 0.0027343 0.0001579 0.0060199 0.0063354 0.0213353 0.0186167 0.0207277 0.0160910 0.0153296 0.0206015 0.0210847 0.0152449 0.1716695 0.1531193 0.1545014 1.0793897 0.1754241 0.1843251 0.2045183 0.1788663 -0.0439208 -0.0338128 -0.0343754 -0.0438752 -0.0536074 -0.0610753 -0.0570901 -0.0693674 -0.0311102 -0.0211456 -0.0302809 -0.0335389 -0.0104076 -0.0257955 -0.0269317 -0.0239974 -0.0472508 -0.0630291 -0.0272428 -0.0324811 -0.0182336 -0.0580774 -0.0684932 0.0382723 0.0035520 -0.0062069 0.0151012 -0.0223399 0.0051228 -0.0344641 -0.0351586 -0.0824682 -0.0337920 -0.0005260 -0.0167529 0.0268707 -0.0266420 -0.0275792 -0.0260820 -0.0329596 -0.0125143 -0.0313012 -0.0304744 0.0380278 -0.0447838 -0.0215220 -0.0379819 -0.0425852 -0.0315014 0.0403748 0.0221780 -0.0317065 -0.0027367 -0.0089356 -0.0025631 -0.0374043 -0.0619438 -0.0440618 -0.0421739 0.0056008 -0.0372214 -0.0135597 -0.0204541 0.0096334 -0.0161505 -0.0300182 -0.0314113 -0.0306311 -0.0285729 -0.0620238 0.0160560 -0.0274435 -0.0329137 -0.0298324 -0.0231852 -0.0229333 -0.0269027 -0.0265730 -0.0231350 -0.0256751 -0.0292215 -0.0308834 -0.0337941 -0.0299588 -0.0349518 -0.0335313 -0.0339157 -0.0394382 -0.0386671
0.0197066 0.0139699 0.0015782 0.0132406 -0.0009708 -0.0021450 -0.0016464 0.0020990 0.0111812 0.0084197 0.0138320 0.0068361 0.0056371 0.0124803 0.0198169 0.0105199 0.1809920 0.1514962 0.1663913 0.1754241 1.0676681 0.1647810 0.1816143 0.1853863 -0.0423234 -0.0272634 -0.0287293 -0.0350028 -0.0483375 -0.0590101 -0.0491777 -0.0628686 -0.0419380 -0.0310145 -0.0399563 -0.0401414 -0.0356671 -0.0350586 -0.0336435 -0.0295876 -0.0115471 -0.0392637 -0.0402148 -0.0337682 -0.0134553 -0.0292026 -0.0381916 -0.0198743 0.0032077 -0.0163039 -0.0014350 -0.0272171 -0.0169165 -0.0244831 -0.0304589 -0.0681958 -0.0371764 -0.0265704 -0.0431902 0.0025290 -0.0447244 -0.0462826 -0.0469770 -0.0359313 -0.0404157 -0.0494399 -0.0555852 -0.0203920 -0.0570977 -0.0311389 -0.0365672 -0.0224415 -0.0185626 0.0046674 -0.0077862 -0.0442339 -0.0181590 -0.0220287 -0.0064167 0.0145549 0.0065106 -0.0128593 -0.0133394 -0.0012196 0.0004526 0.0048739 -0.0182021 0.0071836 -0.0361315 -0.0617960 -0.0634303 -0.0246423 -0.0065791 -0.0230775 0.0215532 -0.0073770 -0.0112513 -0.0064644 -0.0002048 -0.0020133 -0.0051760 -0.0042030 -0.0047515 -0.0068234 -0.0142541 -0.0166054 -0.0181578 -0.0156453 -0.0211829 -0.0186740 -0.0188479 -0.0283380 -0.0211869
0.0479738 0.0455768 0.0334650 0.0436147 0.0337258 0.0291859 0.0316894 0.0364051 0.0401935 0.0372933 0.0426543 0.0400270 0.0384573 0.0447997 0.0475416 0.0361440 0.1351663 0.1370322 0.1434668 0.1843251 0.1647810 1.0367198 0.1756039 0.1712916 -0.0338384 -0.0137613 -0.0190450 -0.0236794 -0.0380264 -0.0489714 -0.0385920 -0.0530658 -0.0202904 -0.0079929 -0.0213294 -0.0213117 -0.0102915 -0.0117705 -0.0171122 -0.0092384 -0.0221365 -0.0428291 -0.0192608 -0.0223458 -0.0034567 -0.0356636 -0.0437139 0.0110816 -0.0019877 -0.0034294 0.0223870 -0.0235114 0.0148005 -0.0254467 -0.0292869 -0.0616990 -0.0342842 -0.0047494 -0.0020383 0.0210982 -0.0162768 -0.0104722 -0.0097551 -0.0197996 -0.0270292 -0.0453520 -0.0515247 0.0113956 -0.0602900 -0.0192455 -0.0509304 -0.0381998 -0.0241510 0.0344702 0.0204196 -0.0169725 0.0071038 0.0028057 0.0177287 -0.0325380 -0.0489952 -0.0360568 -0.0334035 0.0094985 -0.0346046 -0.0038726 -0.0421890 0.0045749 -0.0337705 -0.0013342 -0.0013530 -0.0225351 -0.0355507 -0.0494703 -0.0026815 -0.0677120 -0.0714055 -0.0708076 -0.0628457 -0.0642255 -0.0675527 -0.0634728 -0.0655194 -0.0686096 -0.0710141 -0.0724093 -0.0729834 -0.0704658 -0.0751353 -0.0728553 -0.0764478 -0.0798318 -0.0772883
0.0228732 0.0230126 0.0062619 0.0219919 0.0058766 0.0031907 0.0048374 0.0081466 0.0217613 0.0166501 0.0219431 0.0173371 0.0154140 0.0210057 0.0253136 0.0160746 0.1675872 0.1542064 0.1562860 0.2045183 0.1816143 0.1756039 1.0488688 0.1851805 -0.0403197 -0.0307730 -0.0336719 -0.0369793 -0.0481923 -0.0555062 -0.0468005 -0.0604663 -0.0329576 -0.0253781 -0.0338831 -0.0376427 -0.0245527 -0.0309425 -0.0316032 -0.0260010 -0.0208769 -0.0444958 -0.0310621 -0.0300701 -0.0168347 -0.0355074 -0.0487233 0.0083148 -0.0048462 -0.0130626 0.0117103 -0.0259107 -0.0105585 -0.0256341 -0.0317304 -0.0711940 -0.0406840 -0.0043324 -0.0195536 0.0173727 -0.0302135 -0.0285921 -0.0264738 -0.0401117 -0.0335569 -0.0377590 -0.0500147 0.0079998 -0.0535254 -0.0266626 -0.0456278 -0.0302328 -0.0286891 0.0202595 -0.0001427 -0.0367482 -0.0105391 -0.0243884 0.0019939 -0.0054764 -0.0256482 -0.0215734 -0.0230067 0.0056765 -0.0116820 0.0018593 -0.0306575 0.0149051 -0.0298148 -0.0576214 -0.0587041 -0.0341146 -0.0212217 -0.0412161 0.0183135 -0.0226958 -0.0264354 -0.0263693 -0.0148589 -0.0204346 -0.0193447 -0.0189630 -0.0200575 -0.0220906 -0.0271297 -0.0306015 -0.0326881 -0.0286753 -0.0323066 -0.0315382 -0.0336016 -0.0404850 -0.0327216
0.0258026 0.0192084 0.0046629 0.0219384 0.0031830 0.0015938 -0.0010759 0.0008620 0.0145528 0.0131118 0.0141321 0.0095506 0.0083845 0.0174052 0.0239579 0.0156299 0.1827686 0.1536665 0.1614438 0.1788663 0.1853863 0.1712916 0.1851805 1.0418479 -0.0314394 -0.0116250 -0.0262149 -0.0215136 -0.0381806 -0.0470078 -0.0424863 -0.0494769 -0.0284120 -0.0217382 -0.0323754 -0.0274036 -0.0185889 -0.0223796 -0.0194734 -0.0215145 -0.0035178 -0.0318753 -0.0294557 -0.0248801 -0.0023831 -0.0193797 -0.0271745 -0.0059224 -0.0006423 -0.0095019 0.0180651 -0.0263354 -0.0068375 -0.0158609 -0.0121723 -0.0650433 -0.0298027 -0.0142219 -0.0194287 0.0071791 -0.0205981 -0.0249828 -0.0245997 -0.0321300 -0.0338746 -0.0479742 -0.0546185 -0.0042378 -0.0517198 -0.0202558 -0.0354416 -0.0177029 -0.0111801 0.0094667 -0.0013768 -0.0283291 -0.0077472 -0.0173870 0.0009451 0.0123276 -0.0040626 -0.0089312 -0.0065023 0.0031747 0.0079835 0.0141007 -0.0375628 0.0088123 -0.0466541 -0.0303414 -0.0321509 -0.0234779 -0.0174215 -0.0285079 0.0175030 -0.0481356 -0.0530866 -0.0511990 -0.0414682 -0.0420434 -0.0453821 -0.0433587 -0.0449755 -0.0467945 -0.0565877 -0.0570992 -0.0568676 -0.0596223 -0.0607744 -0.0593800 -0.0605532 -0.0671198 -0.0626980
0.0740158 0.0762313 0.0798905 0.0758004 0.0824439 0.0852623 0.0830032 0.0837176 0.0817038 0.0776098 0.0748668 0.0767762 0.0778423 0.0776865 0.0756779 0.0826938 -0.0364387 -0.0179881 -0.0223552 -0.0439208 -0.0423234 -0.0338384 -0.0403197 -0.0314394 0.8514392 0.0819805 0.0891345 0.0992051 0.1122513 0.1258251 0.1264923 0.1107312 0.0879435 0.0631124 0.0734103 0.0908687 0.0742567 0.0734296 0.0758790 0.0819484 0.0632569 0.0683900 0.0699810 0.0632793 0.0655794 0.0800745 0.0696775 0.0327627 -0.0055502 0.0355250 0.0146558 0.0287035 0.0141477 0.0507669 0.0431765 0.0374151 0.0236731 0.0206237 0.0416915 0.0258945 0.0372570 0.0217001 0.0209365 0.0523792 0.0415823 0.0649643 0.0487045 0.0341831 0.0569750 0.0716480 0.0537232 0.0306271 0.0205009 0.0312345 0.0298355 0.0489623 0.0262262 -0.0000389 0.0191646 -0.0335745 -0.0426195 0.0434866 0.0422346 0.0384600 0.0020318 0.0215260 -0.1017202 0.0194969 -0.0098536 -0.0320141 -0.0340898 0.0385665 -0.0562160 0.0386154 -0.0894210 -0.2582485 -0.2638930 -0.2577768 -0.2585200 -0.2582193 -0.2566301 -0.2573389 -0.2618634 -0.2609924 -0.2665892 -0.2647850 -0.2645809 -0.2679357 -0.2675411 -0.2678924 -0.2645650 -0.2676744 -0.2662374
0.0655856 0.0678026 0.0715127 0.0655486 0.0701188 0.0739743 0.0721614 0.0733688 0.0637347 0.0630025 0.0595740 0.0602604 0.0635726 0.0575097 0.0678375 0.0754384 -0.0248273 -0.0152112 -0.0121413 -0.0338128 -0.0272634 -0.0137613 -0.0307730 -0.0116250 0.0819805 0.8595598 0.1148923 0.0756337 0.0901050 0.0801007 0.0903678 0.0857242 0.0855609 0.0601647 0.0663651 0.0876200 0.0682573 0.0690432 0.0756715 0.0776128 0.0695801 0.0778309 0.0579939 0.0487093 0.0564861 0.0834190 0.0739186 0.0169610 -0.0065834 0.0459117 0.0329417 0.0214895 0.0358426 0.0559227 0.0568547 0.0236737 0.0287303 0.0223654 0.0658672 0.0358130 0.0803118 0.0658031 0.0646962 0.0504539 0.0295881 0.0319994 0.0145249 0.0177228 0.0165559 0.0615096 0.0298044 0.0273158 0.0304048 0.0474061 0.0504560 0.0521855 0.0443638 0.0018257 0.0358672 -0.0215299 -0.0291109 0.0552530 0.0331683 0.0494747 0.0086059 0.0400662 -0.1133018 0.0254562 -0.0209257 -0.0105949 -0.0103931 0.0407210 -0.0518892 0.0256412 -0.0764136 -0.2524476 -0.2603694 -0.2559322 -0.2529394 -0.2550219 -0.2524453 -0.2566139 -0.2584088 -0.2580982 -0.2641857 -0.2624222 -0.2628142 -0.2637249 -0.2624339 -0.2663112 -0.2633382 -0.2635961 -0.2638762
0.0722257 0.0761470 0.0817170 0.0751583 0.0811144 0.0824127 0.0817154 0.0815268 0.0774469 0.0740746 0.0724689 0.0752869 0.0794325 0.0719400 0.0782226 0.0828625 -0.0321687 -0.0163959 -0.0149825 -0.0343754 -0.0287293 -0.0190450 -0.0336719 -0.0262149 0.0891345 0.1148923 0.8522279 0.0809139 0.0866076 0.0928509 0.0923605 0.0946235 0.0841792 0.0625288 0.0706405 0.0847178 0.0770752 0.0714085 0.0765488 0.0807821 0.0615881 0.0697317 0.0674749 0.0592201 0.0587540 0.0743014 0.0687638 0.0346584 -0.0075008 0.0415322 0.0190371 0.0308704 0.0239463 0.0460033 0.0461261 0.0237687 0.0247382 0.0292280 0.0552484 0.0408392 0.0621823 0.0481375 0.0466271 0.0565010 0.0444989 0.0500497 0.0394177 0.0345047 0.0417841 0.0713201 0.0495278 0.0273189 0.0179342 0.0446223 0.0465756 0.0529528 0.0355842 0.0014872 0.0282592 -0.0480967 -0.0501312 0.0464005 0.0331529 0.0419180 0.0042867 0.0247976 -0.1017145 0.0184416 -0.0111352 -0.0310922 -0.0325540 0.0350629 -0.0558825 0.0327644 -0.0816991 -0.2593995 -0.2650160 -0.2604903 -0.2577473 -0.2605699 -0.2565128 -0.2602120 -0.2611221 -0.2625989 -0.2657386 -0.2647402 -0.2667069 -0.2667387 -0.2667514 -0.2679144 -0.2654169 -0.2676585 -0.2660275
0.0567723 0.0607117 0.0681155 0.0631465 0.0647474 0.0673332 0.0671320 0.0661404 0.0656781 0.0634127 0.0615799 0.0629052 0.0631476 0.0615558 0.0652715 0.0691451 -0.0206283 -0.0174072 -0.0163228 -0.0438752 -0.0350028 -0.0236794 -0.0369793 -0.0215136 0.0992051 0.0756337 0.0809139 0.8660399 0.1146085 0.0979409 0.0944092 0.1108154 0.0688099 0.0517307 0.0580873 0.0806563 0.0656617 0.0606797 0.0687312 0.0601125 0.0797540 0.0815100 0.0596673 0.0522242 0.0582834 0.0919841 0.0883142 0.0258483 -0.0126475 0.0297215 0.0251692 0.0219277 0.0231651 0.0591208 0.0482946 0.0193299 0.0281756 0.0187630 0.0641165 0.0254623 0.0773447 0.0689926 0.0690493 0.0442807 0.0273563 0.0398318 0.0192169 0.0264804 0.0323839 0.0624387 0.0364280 0.0327977 0.0323111 0.0128875 0.0166673 0.0358499 0.0140325 -0.0149601 0.0185962 -0.0153064 -0.0166863 0.0540389 0.0388525 0.0336329 0.0106847 0.0316881 -0.1007890 0.0165376 -0.0325388 -0.0420545 -0.0431368 0.0233089 -0.0485349 0.0319850 -0.0789704 -0.2352053 -0.2411329 -0.2384737 -0.2335051 -0.2341245 -0.2326813 -0.2360118 -0.2387417 -0.2400863 -0.2466775 -0.2425784 -0.2439403 -0.2454662 -0.2434466 -0.2456355 -0.2431585 -0.2463336 -0.2462947
0.0633577 0.0673072 0.0717903 0.0664595 0.0717161 0.0754308 0.0729135 0.0726126 0.0690420 0.0667098 0.0662570 0.0669501 0.0690755 0.0667605 0.0687094 0.0755427 -0.0421396 -0.0233386 -0.0277143 -0.0536074 -0.0483375 -0.0380264 -0.0481923 -0.0381806 0.1122513 0.0901050 0.0866076 0.1146085 0.8614346 0.1087021 0.1028366 0.1195481 0.0772550 0.0593062 0.0641937 0.0829569 0.0665566 0.0696314 0.0757316 0.0705743 0.0715299 0.0705827 0.0618466 0.0555762 0.0568879 0.0825169 0.0742331 0.0255323 0.0006356 0.0350460 0.0240280 0.0160358 0.0265741 0.0564835 0.0489216 0.0292560 0.0278252 0.0263837 0.0623332 0.0273725 0.0765856 0.0644427 0.0634286 0.0537482 0.0338391 0.0480753 0.0307070 0.0250193 0.0341330 0.0661457 0.0404613 0.0310301 0.0252722 0.0272294 0.0281135 0.0432707 0.0243461 -0.0057564 0.0259480 -0.0249209 -0.0280191 0.0516537 0.0326819 0.0379775 0.0039664 0.0219491 -0.1033789 0.0123478 -0.0194147 -0.0235785 -0.0239913 0.0309610 -0.0518495 0.0309715 -0.0831251 -0.2424763 -0.2500086 -0.2459026 -0.2446914 -0.2450833 -0.2429106 -0.2458187 -0.2493872 -0.2486635 -0.2524472 -0.2528341 -0.2512937 -0.2536554 -0.2529386 -0.2535247 -0.2524939 -0.2530686 -0.2532949
0.0617733 0.0656018 0.0708723 0.0643793 0.0683814 0.0735068 0.0730744 0.0702623 0.0712462 0.0659224 0.0643669 0.0657636 0.0682359 0.0634404 0.0685661 0.0734185 -0.0440096 -0.0338011 -0.0346216 -0.0610753 -0.0590101 -0.0489714 -0.0555062 -0.0470078 0.1258251 0.0801007 0.0928509 0.0979409 0.1087021 0.8629060 0.1267348 0.1126880 0.0794997 0.0606626 0.0707969 0.0874460 0.0734589 0.0804332 0.0745933 0.0795610 0.0665750 0.0758351 0.0774267 0.0659467 0.0674215 0.0851976 0.0787793 0.0572341 -0.0000698 0.0345730 0.0142328 0.0263140 0.0218932 0.0537006 0.0581419 0.0324617 0.0256836 0.0279123 0.0572282 0.0264122 0.0704340 0.0577359 0.0579414 0.0595911 0.0464923 0.0715556 0.0549071 0.0581996 0.0688543 0.0785010 0.0614722 0.0310655 0.0286620 0.0100748 0.0099312 0.0429815 0.0059288 -0.0064781 0.0193559 -0.0247791 -0.0267526 0.0555663 0.0457237 0.0330713 0.0127135 0.0285173 -0.1084504 0.0183031 -0.0150077 -0.0302572 -0.0311819 0.0357662 -0.0486033 0.0436980 -0.0877839 -0.2532249 -0.2607444 -0.2555597 -0.2546186 -0.2551540 -0.2525845 -0.2552091 -0.2578694 -0.2573349 -0.2622864 -0.2611743 -0.2614597 -0.2614700 -0.2631165 -0.2621173 -0.2625749 -0.2632864 -0.2634495
0.0724408 0.0755161 0.0831519 0.0740084 0.0822045 0.0801504 0.0820115 0.0818525 0.0775348 0.0742609 0.0736572 0.0746471 0.0767363 0.0713715 0.0774548 0.0830992 -0.0476378 -0.0300728 -0.0319231 -0.0570901 -0.0491777 -0.0385920 -0.0468005 -0.0424863 0.1264923 0.0903678 0.0923605 0.0944092 0.1028366 0.1267348 0.8577928 0.1107357 0.0906395 0.0685208 0.0763345 0.0970039 0.0823764 0.0853436 0.0862352 0.0870359 0.0702799 0.0741311 0.0795761 0.0662739 0.0672997 0.0903950 0.0761644 0.0492541 -0.0081630 0.0483367 0.0231192 0.0369758 0.0300478 0.0557470 0.0589453 0.0376217 0.0245659 0.0264509 0.0642689 0.0311608 0.0591733 0.0443730 0.0438031 0.0561668 0.0494662 0.0664914 0.0521292 0.0497144 0.0589373 0.0851009 0.0559519 0.0284817 0.0277507 0.0374339 0.0373017 0.0490960 0.0276718 0.0010951 0.0250366 -0.0366968 -0.0439646 0.0491308 0.0413601 0.0433472 0.0032938 0.0258246 -0.1090148 0.0227574 -0.0098403 -0.0169893 -0.0174522 0.0423662 -0.0626136 0.0486795 -0.0933587 -0.2744874 -0.2808205 -0.2741819 -0.2748955 -0.2749516 -0.2717823 -0.2760082 -0.2777739 -0.2789732 -0.2821315 -0.2815860 -0.2810243 -0.2821271 -0.2828121 -0.2823075 -0.2830266 -0.2825004 -0.2817400
0.0593438 0.0653027 0.0694969 0.0626917 0.0690673 0.0710696 0.0711198 0.0711489 0.0699416 0.0652894 0.0611480 0.0652493 0.0674452 0.0625113 0.0646003 0.0760219 -0.0527163 -0.0390969 -0.0419475 -0.0693674 -0.0628686 -0.0530658 -0.0604663 -0.0494769 0.1107312 0.0857242 0.0946235 0.1108154 0.1195481 0.1126880 0.1107357 0.8673330 0.0846690 0.0570908 0.0649380 0.0919594 0.0718954 0.0683796 0.0769087 0.0709032 0.0694513 0.0808961 0.0637431 0.0579545 0.0585375 0.0915103 0.0824209 0.0282244 -0.0109179 0.0329710 0.0109356 0.0350617 0.0108112 0.0623998 0.0546435 0.0351403 0.0283273 0.0297190 0.0544088 0.0329118 0.0710818 0.0637981 0.0632944 0.0447242 0.0337847 0.0589284 0.0484557 0.0290154 0.0537355 0.0730712 0.0609265 0.0393342 0.0277205 0.0161566 0.0189893 0.0516888 0.0233909 -0.0106638 0.0184493 -0.0244329 -0.0269762 0.0572358 0.0371910 0.0357784 0.0104253 0.0260926 -0.0928034 0.0098000 -0.0138780 -0.0704557 -0.0710672 0.0265689 -0.0412912 0.0488360 -0.0843139 -0.2393698 -0.2442522 -0.2389513 -0.2393467 -0.2389973 -0.2370665 -0.2404410 -0.2425032 -0.2422548 -0.2452834 -0.2445839 -0.2464232 -0.2477117 -0.2478978 -0.2474496 -0.2470882 -0.2474605 -0.2463236
0.0708158 0.0710319 0.0755263 0.0725783 0.0738608 0.0767910 0.0775450 0.0777889 0.0744260 0.0727472 0.0690873 0.0708381 0.0751433 0.0685305 0.0742882 0.0827064 -0.0389594 -0.0182761 -0.0224812 -0.0311102 -0.0419380 -0.0202904 -0.0329576 -0.0284120 0.0879435 0.0855609 0.0841792 0.0688099 0.0772550 0.0794997 0.0906395 0.0846690 0.8548413 0.0692153 0.0815061 0.1005700 0.0809010 0.0909365 0.0933353 0.0928340 0.0561020 0.0679286 0.0843259 0.0659149 0.0650764 0.0684178 0.0607708 0.0719969 0.0028925 0.0601932 0.0349466 0.0277820 0.0415180 0.0487222 0.0525568 0.0301551 0.0304343 0.0347279 0.0761312 0.0407165 0.0729151 0.0628528 0.0613216 0.0673350 0.0612512 0.0687397 0.0582834 0.0706530 0.0579648 0.0791341 0.0542149 0.0254049 0.0224515 0.0513113 0.0474414 0.0493965 0.0370915 0.0154043 0.0297740 -0.0442424 -0.0527154 0.0395987 0.0345277 0.0472741 -0.0006275 0.0295403 -0.1161812 0.0323647 -0.0001371 0.0072698 0.0066141 0.0428962 -0.0690315 0.0288243 -0.0782982 -0.2815744 -0.2842410 -0.2823846 -0.2818069 -0.2810515 -0.2785683 -0.2809912 -0.2846225 -0.2850246 -0.2894204 -0.2880079 -0.2888141 -0.2886944 -0.2896767 -0.2902993 -0.2878124 -0.2879574 -0.2891423
