0.0236955 0.0469961 0.0195988 0.0242286 0.0000990 0.0104036 0.1284056 0.7465729
0.0184440 0.0390503 0.0205518 0.0245577 0.0000989 0.0063459 0.1160031 0.7749482
0.0257426 0.0000999 0.0572808 0.0001428 0.0001294 0.0045637 0.0409189 0.8711219
0.0276312 0.0458507 0.0429929 0.0269038 0.0000987 0.0155661 0.1147450 0.7262116
0.0279651 0.0000998 0.0394470 0.0006706 0.0069753 0.0000998 0.0290539 0.8956885
0.0074421 0.0000999 0.0472486 0.0000999 0.0123248 0.0066393 0.0225603 0.9035853
0.0258934 0.0000998 0.0376723 0.0000998 0.0037042 0.0000998 0.0260395 0.9063911
0.0187347 0.0000998 0.0365613 0.0000998 0.0016046 0.0000998 0.0390209 0.9037790
0.0000995 0.0673779 0.0000995 0.0000995 0.0000995 0.0000995 0.0869130 0.8452116
0.0000998 0.0519082 0.0000998 0.0000998 0.0037663 0.0000998 0.0780604 0.8658659
0.0034864 0.0449036 0.0000998 0.0000998 0.0026738 0.0000998 0.0894778 0.8591592
0.0000997 0.0363312 0.0000997 0.0000997 0.0061931 0.0000997 0.0651166 0.8919601
0.0000998 0.0528214 0.0000998 0.0000998 0.0022119 0.0000998 0.0695480 0.8750197
0.0032044 0.0568394 0.0000996 0.0000996 0.0000996 0.0000996 0.0996247 0.8399331
0.0001493 0.0731454 0.0255737 0.0223981 0.0000983 0.0648782 0.1291850 0.6845720
0.0000987 0.0406617 0.0465451 0.0225816 0.0000987 0.0669367 0.0847427 0.7383350
0.0001003 0.0001003 0.0001003 0.0001003 0.0152900 0.2387298 0.7454786 0.0001003
0.0012810 0.0000999 0.0246377 0.0000999 0.0000999 0.1658032 0.7162227 0.0917558
0.0111253 0.0000997 0.0000997 0.0000997 0.0000997 0.1737378 0.7141332 0.1006048
0.0195034 0.0613940 0.0482373 0.0117519 0.0032332 0.0000998 0.8556807 0.0000998
0.0001001 0.0001001 0.0029199 0.0001001 0.0243461 0.1256722 0.8107704 0.0359910
0.0576701 0.0000992 0.0518753 0.0250656 0.0000992 0.0000992 0.7630945 0.1019969
0.0001001 0.0086676 0.0285373 0.0196474 0.0170009 0.0412715 0.8346056 0.0501696
0.0186286 0.0000992 0.0186125 0.0152131 0.0000992 0.1326261 0.8133218 0.0013994
0.0000976 0.1769197 0.2201564 0.0179821 0.0000976 0.2563530 0.0000976 0.3282959
0.0170744 0.0704756 0.2720440 0.1178890 0.0000974 0.2657401 0.0000974 0.2565821
0.0000978 0.1507017 0.2550713 0.0725589 0.0000978 0.2141181 0.0000978 0.3072568
0.0000982 0.1048871 0.1780467 0.1323852 0.0000982 0.3150734 0.0000982 0.2693129
0.0000979 0.1223909 0.2080467 0.1109979 0.0000979 0.2725223 0.0000979 0.2857484
0.0000974 0.2177612 0.1563539 0.0869427 0.0000974 0.2851359 0.0000974 0.2535141
0.0000968 0.1898710 0.2239573 0.0598205 0.0000968 0.2441945 0.0000968 0.2818664
0.0000979 0.1581005 0.1958213 0.0950363 0.0000979 0.2903151 0.0000979 0.2604332
0.0380125 0.2185929 0.2385855 0.0976702 0.0000965 0.1719241 0.0000965 0.2350217
0.0943260 0.1629051 0.2477630 0.0651810 0.0010005 0.1253767 0.0130952 0.2903526
0.0243646 0.2153228 0.3352159 0.0526258 0.0000987 0.1654748 0.0000987 0.2067987
0.0082576 0.1823342 0.2550458 0.0921109 0.0000969 0.1838840 0.0000969 0.2781737
0.0189681 0.2393759 0.3528215 0.0781891 0.0000984 0.0945231 0.0019078 0.2141161
0.0733777 0.2246558 0.3051592 0.0572758 0.0000979 0.1069909 0.0000979 0.2323447
0.0631935 0.1546938 0.2509453 0.0866589 0.0000972 0.1652590 0.0000972 0.2790551
0.0364188 0.2284274 0.2704690 0.0731669 0.0000977 0.1448278 0.0000977 0.2464948
0.0000995 0.0000995 0.0960136 0.1157378 0.0000995 0.4808741 0.0000995 0.3069765
0.0000991 0.0000991 0.1701794 0.1772152 0.0000991 0.4092184 0.0000991 0.2429906
0.0774636 0.3721356 0.1801822 0.0962884 0.0000982 0.1099610 0.0000982 0.1637728
0.0589071 0.2816736 0.1105477 0.0094530 0.0075461 0.2200449 0.0001000 0.3117275
0.0671657 0.1362806 0.0507785 0.0767620 0.0000989 0.2740737 0.0511413 0.3436992
0.0000983 0.0024598 0.0964232 0.1447926 0.0000983 0.4469539 0.0000983 0.3090756
0.0045103 0.0000992 0.1106171 0.1200439 0.0000992 0.4706072 0.0000992 0.2939238
0.0442433 0.7197687 0.0000984 0.1462800 0.0000984 0.0000984 0.0893146 0.0000984
0.1217819 0.3060232 0.1066765 0.0001002 0.1028045 0.2066979 0.1499303 0.0059854
0.1694143 0.1860391 0.2522572 0.0659245 0.0000993 0.1281036 0.0738676 0.1242944
0.1629064 0.0545568 0.2783619 0.1690550 0.0001001 0.1363265 0.1840246 0.0146687
0.0001001 0.2069657 0.3904679 0.0300876 0.1216937 0.0801430 0.0001001 0.1704419
0.2519256 0.1205797 0.2253720 0.1922225 0.0017236 0.0640112 0.1090287 0.0351366
0.0001001 0.0775908 0.2321244 0.0399870 0.0274497 0.3807757 0.0142233 0.2277489
0.0503463 0.1482453 0.2449598 0.0640167 0.0000999 0.3783878 0.0232519 0.0906923
0.1356534 0.1081699 0.1448909 0.0000998 0.0984301 0.2358995 0.0000998 0.2767566
0.0495345 0.1587830 0.2476400 0.1768819 0.0902246 0.1989033 0.0001001 0.0779324
0.0068019 0.3129071 0.2018738 0.1719430 0.0777798 0.0775409 0.0826332 0.0685204
0.0624692 0.0985030 0.0958386 0.6550102 0.0000989 0.0268191 0.0296871 0.0315740
0.0001002 0.2156771 0.3196523 0.2201106 0.0151687 0.0462465 0.1829443 0.0001002
0.0000999 0.0093603 0.0237074 0.8577937 0.0000999 0.0563810 0.0050381 0.0475198
0.0000998 0.0000998 0.0000998 0.9758487 0.0235523 0.0000998 0.0000998 0.0000998
0.0000998 0.0000998 0.0000998 0.9748315 0.0245695 0.0000998 0.0000998 0.0000998
0.2044350 0.2368688 0.1895825 0.0785773 0.0000990 0.1386929 0.0000990 0.1516456
0.1393260 0.5301602 0.1361388 0.0540673 0.0128965 0.0546073 0.0238635 0.0489404
0.0001000 0.6988466 0.0403112 0.0001000 0.0283967 0.1063153 0.0001000 0.1258301
0.0001000 0.7199810 0.0924616 0.0001000 0.0639036 0.0688532 0.0001000 0.0545007
0.0448355 0.7203434 0.0000982 0.1447086 0.0000982 0.0000982 0.0897196 0.0000982
0.0001000 0.8025527 0.0001000 0.0001000 0.0494261 0.1475212 0.0001000 0.0001000
0.0117111 0.3309847 0.2341406 0.0638327 0.0000989 0.1527344 0.0000989 0.2063987
0.0001001 0.5494911 0.1160332 0.0001001 0.0272797 0.2818494 0.0001001 0.0250462
0.0001002 0.1508432 0.3282822 0.0001002 0.0830045 0.3810675 0.0130560 0.0435461
0.0807249 0.0906994 0.2452164 0.0451622 0.0601556 0.3574302 0.0462578 0.0743535
0.0240510 0.0000998 0.8357846 0.0000998 0.0085693 0.0000998 0.1311958 0.0000998
0.0357744 0.0000999 0.8619370 0.0000999 0.0241881 0.0000999 0.0777011 0.0000999
0.0001000 0.0001000 0.7269295 0.0404725 0.0542348 0.0731172 0.0001000 0.1049462
0.0000999 0.0000999 0.9026843 0.0000999 0.0669733 0.0000999 0.0298431 0.0000999
0.1989040 0.1738876 0.4324133 0.0371897 0.1069668 0.0000999 0.0504389 0.0000999
0.0657615 0.0295702 0.4134174 0.0885540 0.0272917 0.1998006 0.1435557 0.0320488
0.0860204 0.0001004 0.0001004 0.0001004 0.1742699 0.6877234 0.0515845 0.0001004
0.0556826 0.0001005 0.0001005 0.0001005 0.1991702 0.7411945 0.0035507 0.0001005
0.0001002 0.0401031 0.2417829 0.0870111 0.0038038 0.5687909 0.0583078 0.0001002
0.0421729 0.2180960 0.1111460 0.0001002 0.0209825 0.4824662 0.0743121 0.0507242
0.0001002 0.1106607 0.4898993 0.1226218 0.0031415 0.1429284 0.1305477 0.0001002
0.0348395 0.1308835 0.0508671 0.0001004 0.0852465 0.5938516 0.1041110 0.0001004
0.0395742 0.0017736 0.2328240 0.0373398 0.0058865 0.5221815 0.1603200 0.0001004
0.0001001 0.1022458 0.2921647 0.0001001 0.5187221 0.0117118 0.0001001 0.0748555
0.0988767 0.1523027 0.2701540 0.0392801 0.0161397 0.2532621 0.1698842 0.0001004
0.0830411 0.3868275 0.3296388 0.0001000 0.2000927 0.0001000 0.0001000 0.0001000
0.9939210 0.0000999 0.0000999 0.0000999 0.0054795 0.0000999 0.0000999 0.0000999
0.9925664 0.0000999 0.0000999 0.0000999 0.0068342 0.0000999 0.0000999 0.0000999
0.2031384 0.1618777 0.2628064 0.0001002 0.0023749 0.2882639 0.0245320 0.0569066
0.0001001 0.0589032 0.0001001 0.0412267 0.3346897 0.3564185 0.0509967 0.1575650
0.0206683 0.2980719 0.1054643 0.0001002 0.0527042 0.4693359 0.0001002 0.0535549
0.0741439 0.0469965 0.1322279 0.0001005 0.3265893 0.2254788 0.1943626 0.0001005
0.0001001 0.0001001 0.0001001 0.0001001 0.9670367 0.0270324 0.0054305 0.0001001
0.0001000 0.0001000 0.0001000 0.0021165 0.9859968 0.0088145 0.0026721 0.0001000
0.0001001 0.0001001 0.0001001 0.0001001 0.9710383 0.0283610 0.0001001 0.0001001
0.0001001 0.0001001 0.0001001 0.0001001 0.9612389 0.0254933 0.0127671 0.0001001
0.0040233 0.0001001 0.0001001 0.0001001 0.9603326 0.0266742 0.0085693 0.0001001
0.0001001 0.0001001 0.0001001 0.0001001 0.9592745 0.0286620 0.0115629 0.0001001
0.0011969 0.0001001 0.0001001 0.0001001 0.9646072 0.0230033 0.0107921 0.0001001
0.0001001 0.0001001 0.0001001 0.0001001 0.9741998 0.0130775 0.0122223 0.0001001
0.0001001 0.0001001 0.0001001 0.0001001 0.9771847 0.0162648 0.0060501 0.0001001
0.0000999 0.0039029 0.0000999 0.0033736 0.9919473 0.0000999 0.0000999 0.0003767
0.0000999 0.0045946 0.0000999 0.0044055 0.9905003 0.0000999 0.0000999 0.0000999
0.0000999 0.0000999 0.0011697 0.0000999 0.9935448 0.0000999 0.0000999 0.0047862
0.0000999 0.0025145 0.0000999 0.0043167 0.9922952 0.0000999 0.0000999 0.0004741
0.0000998 0.0008488 0.0000998 0.0011880 0.9942791 0.0000998 0.0000998 0.0032849
0.0000998 0.0000998 0.0000998 0.0062129 0.9931883 0.0000998 0.0000998 0.0000998
0.0000998 0.0000998 0.0000998 0.0052869 0.9931234 0.0000998 0.0000998 0.0010906
0.0038198 0.0000998 0.0000998 0.0030017 0.9926798 0.0000998 0.0000998 0.0000998
0.0002835 0.0000998 0.0013269 0.0013660 0.9920648 0.0000998 0.0000998 0.0046595
