0.1297992 0.0000999 0.8701008
0.1117993 0.0000996 0.8881011
0.0773825 0.0000996 0.9225178
0.1586297 0.0000997 0.8412706
0.0511315 0.0000998 0.9487687
0.0574735 0.0000999 0.9424266
0.0501346 0.0000995 0.9497659
0.0436503 0.0000996 0.9562501
0.0374577 0.0000998 0.9624424
0.0364527 0.0023465 0.9612009
0.0158437 0.0075346 0.9766217
0.0001000 0.0035773 0.9963228
0.0352406 0.0000999 0.9646595
0.0394498 0.0019739 0.9585763
0.1835316 0.0000995 0.8163689
0.1659280 0.0000994 0.8339726
0.0660591 0.2493435 0.6845973
0.0529338 0.1996209 0.7474453
0.0002584 0.2037762 0.7959653
0.0000999 0.2265434 0.7733567
0.0000999 0.2492840 0.7506160
0.0000999 0.1895611 0.8103390
0.0000999 0.2328585 0.7670415
0.0391723 0.2117255 0.7491023
0.6580015 0.0000990 0.3418995
0.6951257 0.0000992 0.3047751
0.6490086 0.0000991 0.3508923
0.6903188 0.0010258 0.3086554
0.7136092 0.0000995 0.2862913
0.7642940 0.0000990 0.2356070
0.7304002 0.0000982 0.2695016
0.7398086 0.0000994 0.2600920
0.7315595 0.0000980 0.2683425
0.6198117 0.0433969 0.3367915
0.7328098 0.0060426 0.2611475
0.6908083 0.0000982 0.3090934
0.7057198 0.0000994 0.2941808
0.7176702 0.0000994 0.2822303
0.6834149 0.0000988 0.3164863
0.6959916 0.0000991 0.3039094
0.5662082 0.0352051 0.3985867
0.6859220 0.0264549 0.2876231
0.7928182 0.0000997 0.2070822
0.6323488 0.0366653 0.3309860
0.5666909 0.0236752 0.4096339
0.6628975 0.0015346 0.3355680
0.6814567 0.0256683 0.2928750
0.9127943 0.0053205 0.0818852
0.6391694 0.1952610 0.1655696
0.7154905 0.0521158 0.2323937
0.6806136 0.0992069 0.2201795
0.5827707 0.1457300 0.2714993
0.7533938 0.0840929 0.1625133
0.6299582 0.0795837 0.2904581
0.7877157 0.0595175 0.1527668
0.6351933 0.1427338 0.2220729
0.7487264 0.1300654 0.1212082
0.6879134 0.1173583 0.1947283
0.8708628 0.0000999 0.1290373
0.7103405 0.0829119 0.2067476
0.8672296 0.0000995 0.1326709
0.9132324 0.0122869 0.0744807
0.9150084 0.0137424 0.0712492
0.7930084 0.0302388 0.1767527
0.8441812 0.0520284 0.1037903
0.7620977 0.0362416 0.2016607
0.8352076 0.0759618 0.0888306
0.9104105 0.0028500 0.0867395
0.8971356 0.0670805 0.0357840
0.7316336 0.0028778 0.2654886
0.8341841 0.0694054 0.0964105
0.7071228 0.1491904 0.1436868
0.7116617 0.1363919 0.1519464
0.6600018 0.0685872 0.2714110
0.7590067 0.0717789 0.1692143
0.6810949 0.0852807 0.2336244
0.6870028 0.1131819 0.1998153
0.7023799 0.1724243 0.1251957
0.6666464 0.1145640 0.2187895
0.6595480 0.3254683 0.0149837
0.6566379 0.3432620 0.0001001
0.8201873 0.0926205 0.0871922
0.7474076 0.1086052 0.1439872
0.7553896 0.0738991 0.1707114
0.7643060 0.2011571 0.0345369
0.7764114 0.1251765 0.0984122
0.2973267 0.5412501 0.1614232
0.7684668 0.1214441 0.1100890
0.6890133 0.2341327 0.0768539
0.8625054 0.1373945 0.0001001
0.8602651 0.1396347 0.0001001
0.7900432 0.0851787 0.1247781
0.3975042 0.3916862 0.2108096
0.7885544 0.1186293 0.0928163
0.5190021 0.4363116 0.0446863
0.0141563 0.9857437 0.0001000
0.0032517 0.9966483 0.0001000
0.0104404 0.9894596 0.0001000
0.0066505 0.9877908 0.0055586
0.0139681 0.9859319 0.0001000
0.0194066 0.9804934 0.0001000
0.0137342 0.9861658 0.0001000
0.0060515 0.9930807 0.0008678
0.0028055 0.9949286 0.0022659
0.0001000 0.9998000 0.0001000
0.0001000 0.9998000 0.0001000
0.0001000 0.9998000 0.0001000
0.0001000 0.9998000 0.0001000
0.0001000 0.9998000 0.0001000
0.0001000 0.9998000 0.0001000
0.0001000 0.9998000 0.0001000
0.0001000 0.9998000 0.0001000
0.0001000 0.9998000 0.0001000
