0.8785998 0.1776688 0.1439483 0.1645545 0.1488832 0.1434376 0.1469740 0.1524666 0.1470698 0.1434366 0.1442481 0.1517303 0.1420723 0.1402086 0.1345855 0.1373169 0.0321174 0.0517069 0.0534276 0.0480784 0.0447426 0.0679638 0.0475493 0.0518864 0.0708111 0.0658675 0.0703470 0.0556248 0.0591637 0.0564864 0.0674595 0.0558238 0.0679556 0.0545105 0.0536393 0.0709978 0.0620954 0.0604167 0.0691017 0.0638422 0.0551923 0.0486003 0.0492837 0.0488030 0.0639925 0.0620814 0.0510773 0.0337288 -0.0157519 0.0344403 0.0179732 0.0097069 0.0143505 0.0323509 0.0202737 0.0074423 -0.0015515 0.0081656 0.0403452 0.0220670 0.0437220 0.0270313 0.0254521 0.0378545 0.0152873 0.0367551 0.0084318 0.0349551 0.0053695 0.0525933 0.0125935 -0.0062025 -0.0018072 0.0336544 0.0177208 0.0215368 0.0137870 -0.0126397 0.0118406 -0.0718466 -0.0810875 0.0031117 0.0055358 0.0193630 -0.0322988 -0.0065848 -0.1213752 -0.0006174 -0.0369666 -0.0326165 -0.0330171 0.0105257 -0.0667667 -0.0020177 -0.1048292 -0.2736514 -0.2765919 -0.2755369 -0.2735238 -0.2734303 -0.2722974 -0.2729210 -0.2739915 -0.2752785 -0.2770691 -0.2793317 -0.2781283 -0.2779712 -0.2790789 -0.2793126 -0.2782121 -0.2819261 -0.2777770
0.1776688 0.8863214 0.1470528 0.1744125 0.1510509 0.1502308 0.1523747 0.1549170 0.1499522 0.1477101 0.1504543 0.1538754 0.1508523 0.1455990 0.1377122 0.1422738 0.0288182 0.0558882 0.0586223 0.0517194 0.0416337 0.0676322 0.0503921 0.0473353 0.0722226 0.0672541 0.0735680 0.0586303 0.0621148 0.0594301 0.0696096 0.0605372 0.0676138 0.0564399 0.0540383 0.0727349 0.0628551 0.0642553 0.0725603 0.0675260 0.0584604 0.0499544 0.0504318 0.0531026 0.0653369 0.0642357 0.0480586 0.0312180 -0.0163545 0.0394174 0.0182859 0.0090708 0.0155331 0.0316303 0.0211004 0.0075879 -0.0037911 0.0098699 0.0420000 0.0237886 0.0425774 0.0291153 0.0280629 0.0385450 0.0191668 0.0382248 0.0122625 0.0329301 0.0050580 0.0541037 0.0131396 -0.0066011 -0.0014489 0.0333333 0.0186481 0.0268880 0.0115048 -0.0142966 0.0142763 -0.0757418 -0.0826559 0.0028275 0.0055157 0.0175013 -0.0360255 -0.0050785 -0.1242430 0.0023766 -0.0385571 -0.0345352 -0.0363527 0.0124197 -0.0698019 0.0016490 -0.1059427 -0.2821327 -0.2860329 -0.2836848 -0.2816065 -0.2823741 -0.2821434 -0.2812554 -0.2856053 -0.2848200 -0.2865277 -0.2862958 -0.2887200 -0.2865314 -0.2878662 -0.2871684 -0.2874469 -0.2910985 -0.2870519
0.1439483 0.1470528 0.8817574 0.1434397 0.1887874 0.1827359 0.2003433 0.1900914 0.1538223 0.1522838 0.1532613 0.1563596 0.1528631 0.1495522 0.1424141 0.1449239 0.0363726 0.0546216 0.0633172 0.0499285 0.0464033 0.0706768 0.0527877 0.0512353 0.0705576 0.0662393 0.0748637 0.0621219 0.0608417 0.0604112 0.0717158 0.0584044 0.0699648 0.0567604 0.0562283 0.0760989 0.0669129 0.0611096 0.0717105 0.0697084 0.0626330 0.0531064 0.0486177 0.0504183 0.0686025 0.0684356 0.0506755 0.0305175 -0.0202394 0.0336953 0.0211055 0.0078121 0.0158530 0.0319459 0.0202120 0.0071861 -0.0013983 0.0074782 0.0372125 0.0219262 0.0419192 0.0253607 0.0255954 0.0328758 0.0131943 0.0315250 0.0082177 0.0314775 0.0030333 0.0504530 0.0111531 -0.0062358 -0.0026514 0.0348196 0.0203895 0.0230710 0.0106971 -0.0164936 0.0129504 -0.0794686 -0.0898969 0.0024611 0.0071044 0.0168522 -0.0372504 -0.0052987 -0.1236593 -0.0067878 -0.0413692 -0.0354235 -0.0364696 0.0096434 -0.0723102 -0.0020464 -0.1108258 -0.2848074 -0.2888165 -0.2875008 -0.2833901 -0.2836322 -0.2828263 -0.2845494 -0.2852695 -0.2876333 -0.2892508 -0.2900138 -0.2908783 -0.2896176 -0.2900802 -0.2908249 -0.2901014 -0.2939819 -0.2912079
0.1645545 0.1744125 0.1434397 0.8866191 0.1437900 0.1438951 0.1433841 0.1495173 0.1452657 0.1393439 0.1446608 0.1458832 0.1394830 0.1399610 0.1332041 0.1368127 0.0317638 0.0517364 0.0557628 0.0459973 0.0394330 0.0642406 0.0480431 0.0492822 0.0719234 0.0649748 0.0725265 0.0614637 0.0615911 0.0588297 0.0683439 0.0585996 0.0691249 0.0553286 0.0553788 0.0704624 0.0631818 0.0645774 0.0702319 0.0667148 0.0580990 0.0515152 0.0546758 0.0530620 0.0671323 0.0641458 0.0493897 0.0339887 -0.0146751 0.0374180 0.0225331 0.0085839 0.0158420 0.0326005 0.0244516 0.0076948 0.0001145 0.0117577 0.0418942 0.0258473 0.0418018 0.0280317 0.0282917 0.0390560 0.0202994 0.0348524 0.0089274 0.0363051 0.0059935 0.0549721 0.0136704 -0.0025749 -0.0018540 0.0343522 0.0210316 0.0237922 0.0130253 -0.0115824 0.0138843 -0.0730588 -0.0808871 0.0047429 0.0104642 0.0209720 -0.0337774 -0.0058835 -0.1226309 0.0006083 -0.0378467 -0.0312198 -0.0309037 0.0141746 -0.0681919 0.0006226 -0.1028708 -0.2765830 -0.2793863 -0.2767847 -0.2746358 -0.2765793 -0.2744488 -0.2755454 -0.2776428 -0.2783209 -0.2812117 -0.2808120 -0.2815965 -0.2811401 -0.2810692 -0.2809074 -0.2800491 -0.2849912 -0.2795303
0.1488832 0.1510509 0.1887874 0.1437900 0.8942934 0.1974247 0.2021871 0.1996277 0.1563070 0.1539031 0.1558885 0.1601850 0.1546516 0.1520625 0.1421180 0.1481069 0.0359909 0.0612419 0.0636102 0.0566892 0.0505403 0.0759145 0.0588923 0.0562720 0.0724768 0.0646456 0.0737215 0.0584561 0.0595857 0.0569940 0.0697901 0.0571966 0.0677181 0.0558692 0.0509530 0.0735678 0.0622177 0.0614549 0.0727382 0.0655572 0.0641801 0.0512373 0.0465392 0.0511553 0.0676878 0.0640095 0.0507040 0.0252722 -0.0183962 0.0342682 0.0171121 0.0106215 0.0116615 0.0318304 0.0174758 0.0050084 -0.0047640 0.0066849 0.0358030 0.0157320 0.0401617 0.0267043 0.0233678 0.0330831 0.0156296 0.0339901 0.0059118 0.0262220 0.0011063 0.0542964 0.0082689 -0.0101124 -0.0063486 0.0335684 0.0186587 0.0230857 0.0088589 -0.0188135 0.0113441 -0.0806503 -0.0917791 0.0000685 0.0024183 0.0147263 -0.0372843 -0.0068148 -0.1234664 -0.0065246 -0.0410985 -0.0386850 -0.0392345 0.0092856 -0.0711565 -0.0074370 -0.1077805 -0.2830535 -0.2851478 -0.2832657 -0.2800594 -0.2813492 -0.2801266 -0.2813794 -0.2819592 -0.2824784 -0.2849392 -0.2874849 -0.2873670 -0.2865390 -0.2876454 -0.2867303 -0.2863955 -0.2915251 -0.2861462
0.1434376 0.1502308 0.1827359 0.1438951 0.1974247 0.8905296 0.1954703 0.1934806 0.1541750 0.1523873 0.1541970 0.1600394 0.1514853 0.1502682 0.1415209 0.1469166 0.0362012 0.0563809 0.0629547 0.0533687 0.0472717 0.0716327 0.0549258 0.0531561 0.0736914 0.0678449 0.0739513 0.0594530 0.0623308 0.0604955 0.0667703 0.0567290 0.0706777 0.0555944 0.0506041 0.0712972 0.0595060 0.0575963 0.0665322 0.0660566 0.0616950 0.0504936 0.0502300 0.0499913 0.0677244 0.0639094 0.0504796 0.0258576 -0.0187399 0.0322592 0.0147347 0.0103419 0.0128086 0.0321322 0.0167410 0.0078184 -0.0078313 0.0059127 0.0347404 0.0180838 0.0401932 0.0236144 0.0227732 0.0354281 0.0152429 0.0349252 0.0062923 0.0268163 0.0045398 0.0536323 0.0069321 -0.0095377 -0.0055772 0.0328016 0.0179294 0.0222520 0.0105952 -0.0198994 0.0125878 -0.0787365 -0.0913391 0.0011033 0.0062243 0.0167318 -0.0386434 -0.0031755 -0.1233131 -0.0068923 -0.0403407 -0.0400442 -0.0415514 0.0094925 -0.0695968 -0.0073795 -0.1063271 -0.2821558 -0.2839304 -0.2840551 -0.2803159 -0.2806976 -0.2797576 -0.2812963 -0.2831504 -0.2820745 -0.2868390 -0.2861001 -0.2864861 -0.2872969 -0.2879774 -0.2859767 -0.2852317 -0.2888901 -0.2876044
0.1469740 0.1523747 0.2003433 0.1433841 0.2021871 0.1954703 0.8876324 0.2067159 0.1566323 0.1552872 0.1571143 0.1624677 0.1541619 0.1554299 0.1416202 0.1495295 0.0330552 0.0570317 0.0639621 0.0557644 0.0471262 0.0712898 0.0551763 0.0491314 0.0734237 0.0679716 0.0750923 0.0619862 0.0620690 0.0622686 0.0702844 0.0602037 0.0717879 0.0578358 0.0559581 0.0755157 0.0618743 0.0630588 0.0730846 0.0721435 0.0633700 0.0507559 0.0500868 0.0517889 0.0672080 0.0645912 0.0512140 0.0280807 -0.0182356 0.0343609 0.0184750 0.0090013 0.0132774 0.0330850 0.0168399 0.0072406 -0.0020324 0.0064807 0.0362079 0.0150229 0.0400447 0.0279534 0.0254952 0.0369581 0.0185791 0.0373641 0.0100804 0.0301601 0.0036681 0.0566093 0.0097264 -0.0082840 -0.0049733 0.0347058 0.0202855 0.0245618 0.0107364 -0.0165608 0.0122906 -0.0801246 -0.0909171 0.0017464 0.0069416 0.0152703 -0.0373510 -0.0047844 -0.1286218 -0.0068841 -0.0411448 -0.0363904 -0.0378100 0.0083691 -0.0737398 -0.0069786 -0.1123752 -0.2909779 -0.2949578 -0.2925817 -0.2908964 -0.2911594 -0.2883304 -0.2918381 -0.2930169 -0.2926725 -0.2958452 -0.2959417 -0.2979891 -0.2953084 -0.2974990 -0.2963535 -0.2969379 -0.2971933 -0.2963580
0.1524666 0.1549170 0.1900914 0.1495173 0.1996277 0.1934806 0.2067159 0.8965390 0.1613317 0.1561267 0.1602499 0.1674501 0.1562702 0.1573315 0.1465678 0.1500194 0.0372193 0.0579138 0.0686516 0.0574118 0.0507913 0.0771502 0.0584405 0.0518885 0.0731202 0.0686195 0.0740212 0.0604490 0.0610581 0.0584788 0.0692247 0.0589928 0.0715983 0.0573372 0.0535660 0.0751475 0.0631085 0.0626295 0.0723733 0.0690456 0.0642827 0.0504779 0.0498285 0.0526459 0.0659657 0.0667015 0.0497301 0.0277320 -0.0193560 0.0343121 0.0151453 0.0128587 0.0116929 0.0335567 0.0192764 0.0057722 -0.0042179 0.0034763 0.0332208 0.0183694 0.0408425 0.0248216 0.0234903 0.0327026 0.0149188 0.0355324 0.0062088 0.0284012 0.0036742 0.0536949 0.0091568 -0.0076215 -0.0055045 0.0363066 0.0182173 0.0241649 0.0109302 -0.0186502 0.0122165 -0.0807819 -0.0918534 -0.0003988 0.0060572 0.0163979 -0.0356274 -0.0063051 -0.1263147 -0.0034421 -0.0421500 -0.0389159 -0.0404017 0.0090750 -0.0720865 -0.0046447 -0.1088621 -0.2891093 -0.2919858 -0.2899807 -0.2870966 -0.2886666 -0.2871909 -0.2886729 -0.2905366 -0.2910660 -0.2929531 -0.2944059 -0.2936167 -0.2940937 -0.2942980 -0.2943138 -0.2931429 -0.2973704 -0.2936196
0.1470698 0.1499522 0.1538223 0.1452657 0.1563070 0.1541750 0.1566323 0.1613317 0.8987204 0.1882704 0.1972315 0.1944228 0.1912969 0.1854108 0.1491965 0.1547756 0.0372433 0.0607616 0.0659367 0.0617979 0.0502943 0.0754346 0.0610455 0.0563641 0.0730277 0.0639500 0.0724674 0.0607063 0.0605605 0.0585158 0.0669696 0.0591959 0.0686081 0.0559428 0.0507974 0.0717381 0.0610398 0.0601809 0.0679471 0.0659211 0.0614441 0.0448678 0.0462569 0.0556216 0.0698235 0.0643224 0.0529047 0.0276079 -0.0194209 0.0332543 0.0191322 0.0043979 0.0104491 0.0320666 0.0221846 0.0068436 -0.0067946 0.0087414 0.0332860 0.0188055 0.0373185 0.0233221 0.0231867 0.0322561 0.0133122 0.0360118 0.0070547 0.0288718 0.0019914 0.0542729 0.0087239 -0.0085185 -0.0008688 0.0318631 0.0163460 0.0208592 0.0049611 -0.0177099 0.0121542 -0.0799208 -0.0871298 0.0008159 -0.0005508 0.0177392 -0.0407822 -0.0088853 -0.1205181 -0.0033328 -0.0422195 -0.0453354 -0.0455977 0.0103618 -0.0728284 -0.0051582 -0.1094921 -0.2850251 -0.2872013 -0.2845326 -0.2822936 -0.2826672 -0.2826055 -0.2838760 -0.2852981 -0.2860515 -0.2874004 -0.2891861 -0.2876609 -0.2885354 -0.2892450 -0.2877997 -0.2893789 -0.2940787 -0.2880255
0.1434366 0.1477101 0.1522838 0.1393439 0.1539031 0.1523873 0.1552872 0.1561267 0.1882704 0.8928323 0.1849956 0.1909624 0.1993287 0.1838253 0.1416813 0.1493514 0.0354110 0.0590880 0.0619422 0.0607512 0.0501158 0.0731861 0.0587467 0.0573070 0.0695834 0.0630226 0.0692724 0.0595680 0.0584581 0.0545008 0.0640199 0.0554823 0.0671110 0.0540261 0.0511748 0.0714417 0.0567408 0.0571318 0.0690009 0.0659331 0.0576600 0.0460377 0.0459027 0.0540428 0.0660130 0.0607334 0.0484798 0.0271237 -0.0214179 0.0329503 0.0167351 0.0097524 0.0111520 0.0333608 0.0157164 0.0066363 -0.0063431 0.0052803 0.0323197 0.0175707 0.0369457 0.0221645 0.0199437 0.0293655 0.0142109 0.0334209 0.0046655 0.0277261 -0.0001639 0.0488949 0.0057549 -0.0088071 -0.0030159 0.0297596 0.0144124 0.0206497 0.0059750 -0.0180317 0.0113222 -0.0775054 -0.0893050 -0.0006408 0.0019646 0.0163687 -0.0414021 -0.0070081 -0.1199786 -0.0078036 -0.0420989 -0.0430621 -0.0429038 0.0078619 -0.0702132 -0.0080833 -0.1051958 -0.2778005 -0.2791899 -0.2794200 -0.2745176 -0.2750145 -0.2738354 -0.2769370 -0.2765907 -0.2780548 -0.2797887 -0.2816515 -0.2813550 -0.2798934 -0.2813747 -0.2810550 -0.2806449 -0.2843134 -0.2812245
0.1442481 0.1504543 0.1532613 0.1446608 0.1558885 0.1541970 0.1571143 0.1602499 0.1972315 0.1849956 0.9162320 0.2024574 0.1902811 0.1862856 0.1485820 0.1510589 0.0422673 0.0649837 0.0726684 0.0640963 0.0569020 0.0793950 0.0648344 0.0596133 0.0667659 0.0599969 0.0681161 0.0578785 0.0581509 0.0524167 0.0633746 0.0518130 0.0631344 0.0526482 0.0481317 0.0689558 0.0582859 0.0562606 0.0663949 0.0614852 0.0592137 0.0456615 0.0442247 0.0515124 0.0657374 0.0615363 0.0469724 0.0219492 -0.0206975 0.0290973 0.0175901 0.0057104 0.0086220 0.0283052 0.0159947 0.0043672 -0.0086370 0.0065573 0.0320061 0.0188379 0.0323303 0.0173275 0.0165912 0.0285488 0.0092096 0.0311334 0.0026687 0.0231913 -0.0034345 0.0458016 0.0031586 -0.0122410 -0.0050824 0.0296813 0.0151994 0.0186580 0.0048701 -0.0181446 0.0067322 -0.0789062 -0.0890249 -0.0041379 0.0014752 0.0129936 -0.0435774 -0.0129384 -0.1172392 -0.0075318 -0.0458485 -0.0456515 -0.0456341 0.0078797 -0.0711474 -0.0067403 -0.1074187 -0.2711743 -0.2744093 -0.2729000 -0.2686376 -0.2706170 -0.2698592 -0.2710189 -0.2721393 -0.2721913 -0.2724085 -0.2756068 -0.2755839 -0.2752220 -0.2769569 -0.2749554 -0.2775858 -0.2815033 -0.2754154
0.1517303 0.1538754 0.1563596 0.1458832 0.1601850 0.1600394 0.1624677 0.1674501 0.1944228 0.1909624 0.2024574 0.9104189 0.1955553 0.1901483 0.1460291 0.1565839 0.0391888 0.0646346 0.0694270 0.0632770 0.0528910 0.0799764 0.0640773 0.0580213 0.0675273 0.0599662 0.0699989 0.0580627 0.0576467 0.0524998 0.0630809 0.0538913 0.0647838 0.0537794 0.0526465 0.0725060 0.0597069 0.0559953 0.0676606 0.0627682 0.0610252 0.0450932 0.0472302 0.0514646 0.0682071 0.0603885 0.0500502 0.0224797 -0.0237422 0.0293048 0.0159676 0.0065131 0.0111289 0.0323398 0.0160785 0.0028618 -0.0076774 0.0096778 0.0309601 0.0154588 0.0323404 0.0182687 0.0175827 0.0280973 0.0114722 0.0308526 0.0045479 0.0241767 -0.0021715 0.0504604 0.0065940 -0.0124716 -0.0049550 0.0276626 0.0122947 0.0206297 0.0048862 -0.0218403 0.0100571 -0.0784881 -0.0899490 -0.0039828 0.0004002 0.0113777 -0.0459492 -0.0110282 -0.1177396 -0.0091779 -0.0449140 -0.0462212 -0.0466317 0.0042045 -0.0691411 -0.0113648 -0.1094097 -0.2790807 -0.2803254 -0.2789015 -0.2760958 -0.2773364 -0.2769058 -0.2779125 -0.2776714 -0.2806129 -0.2794075 -0.2816015 -0.2819945 -0.2818310 -0.2818912 -0.2811644 -0.2828446 -0.2864659 -0.2827055
0.1420723 0.1508523 0.1528631 0.1394830 0.1546516 0.1514853 0.1541619 0.1562702 0.1912969 0.1993287 0.1902811 0.1955553 0.8994456 0.1916738 0.1452200 0.1502225 0.0331174 0.0600622 0.0646217 0.0581110 0.0492856 0.0749676 0.0589912 0.0546206 0.0694082 0.0632012 0.0740087 0.0592343 0.0604242 0.0564243 0.0661439 0.0571336 0.0692076 0.0553702 0.0492075 0.0718558 0.0620234 0.0612027 0.0711203 0.0644990 0.0590896 0.0462488 0.0483618 0.0566717 0.0671127 0.0632191 0.0526786 0.0247102 -0.0203324 0.0341150 0.0145126 0.0109121 0.0149425 0.0288023 0.0196976 0.0053955 -0.0068253 0.0081603 0.0361946 0.0177193 0.0399566 0.0224634 0.0219469 0.0297741 0.0168046 0.0348642 0.0047523 0.0269228 0.0003554 0.0513737 0.0073559 -0.0080947 -0.0056098 0.0327152 0.0162723 0.0229313 0.0071252 -0.0166478 0.0120141 -0.0810208 -0.0896282 -0.0019065 0.0003593 0.0171222 -0.0421554 -0.0091333 -0.1224869 -0.0066874 -0.0429706 -0.0435406 -0.0434473 0.0085225 -0.0738958 -0.0057755 -0.1097143 -0.2826143 -0.2855696 -0.2837875 -0.2786857 -0.2800572 -0.2801112 -0.2820832 -0.2826657 -0.2838499 -0.2849138 -0.2876559 -0.2861175 -0.2873597 -0.2881922 -0.2869736 -0.2865489 -0.2919081 -0.2872657
0.1402086 0.1455990 0.1495522 0.1399610 0.1520625 0.1502682 0.1554299 0.1573315 0.1854108 0.1838253 0.1862856 0.1901483 0.1916738 0.9011418 0.1450627 0.1437841 0.0391587 0.0608381 0.0668705 0.0563296 0.0498752 0.0754519 0.0577866 0.0565431 0.0709589 0.0585296 0.0684186 0.0593647 0.0603613 0.0536905 0.0627142 0.0550494 0.0634323 0.0540896 0.0506060 0.0712746 0.0611299 0.0573693 0.0675354 0.0663508 0.0579023 0.0475931 0.0487580 0.0530216 0.0656572 0.0627148 0.0504196 0.0279450 -0.0198435 0.0321033 0.0166489 0.0080495 0.0109134 0.0289789 0.0186303 0.0069375 -0.0081945 0.0074626 0.0354296 0.0184061 0.0377851 0.0212270 0.0205854 0.0320469 0.0144273 0.0321313 0.0041286 0.0295122 0.0009547 0.0495289 0.0060134 -0.0112206 -0.0040705 0.0317019 0.0172954 0.0240407 0.0091887 -0.0177577 0.0103543 -0.0792014 -0.0878605 -0.0032577 0.0015251 0.0149324 -0.0420999 -0.0087191 -0.1199185 -0.0072819 -0.0429294 -0.0416710 -0.0419537 0.0095662 -0.0725509 -0.0008787 -0.1084187 -0.2776206 -0.2798648 -0.2784296 -0.2759608 -0.2766128 -0.2748915 -0.2777979 -0.2775801 -0.2790981 -0.2793886 -0.2818666 -0.2819859 -0.2804121 -0.2829767 -0.2821073 -0.2816212 -0.2850807 -0.2827576
0.1345855 0.1377122 0.1424141 0.1332041 0.1421180 0.1415209 0.1416202 0.1465678 0.1491965 0.1416813 0.1485820 0.1460291 0.1452200 0.1450627 0.8796133 0.1392806 0.0291924 0.0483628 0.0532574 0.0425533 0.0384466 0.0662376 0.0449984 0.0440192 0.0710838 0.0676942 0.0758308 0.0620869 0.0638961 0.0616890 0.0720352 0.0591523 0.0718872 0.0568161 0.0594213 0.0721697 0.0633439 0.0665348 0.0714737 0.0695740 0.0599341 0.0520869 0.0529246 0.0555944 0.0658363 0.0682414 0.0491280 0.0365397 -0.0153643 0.0374404 0.0238574 0.0110508 0.0179754 0.0364375 0.0272328 0.0072806 0.0020020 0.0165414 0.0439754 0.0257191 0.0458953 0.0322268 0.0292484 0.0349778 0.0223699 0.0369779 0.0141982 0.0378412 0.0089680 0.0554008 0.0157931 -0.0010226 0.0030299 0.0334777 0.0217170 0.0245768 0.0112269 -0.0123148 0.0159370 -0.0693555 -0.0797015 0.0095827 0.0136656 0.0231871 -0.0302441 -0.0013924 -0.1211814 0.0016234 -0.0351658 -0.0298370 -0.0299082 0.0132842 -0.0664124 0.0002564 -0.1011547 -0.2780943 -0.2828670 -0.2825012 -0.2787978 -0.2785966 -0.2768329 -0.2810148 -0.2809303 -0.2812521 -0.2842046 -0.2848504 -0.2847893 -0.2844618 -0.2847616 -0.2855322 -0.2850313 -0.2881107 -0.2857861
0.1373169 0.1422738 0.1449239 0.1368127 0.1481069 0.1469166 0.1495295 0.1500194 0.1547756 0.1493514 0.1510589 0.1565839 0.1502225 0.1437841 0.1392806 0.8831656 0.0260220 0.0513657 0.0547909 0.0502285 0.0402123 0.0651514 0.0477736 0.0475930 0.0741618 0.0716178 0.0769173 0.0621840 0.0660544 0.0626468 0.0733998 0.0649862 0.0782455 0.0570680 0.0592299 0.0768298 0.0633462 0.0671085 0.0729068 0.0686169 0.0631235 0.0538036 0.0574685 0.0533690 0.0666232 0.0693278 0.0541754 0.0330769 -0.0138823 0.0365110 0.0233598 0.0104694 0.0172926 0.0371203 0.0249033 0.0069447 -0.0005594 0.0151832 0.0418440 0.0249579 0.0472436 0.0312458 0.0299999 0.0365517 0.0232056 0.0407208 0.0140427 0.0352334 0.0070076 0.0557114 0.0174818 -0.0040466 0.0029912 0.0369686 0.0204364 0.0297603 0.0128159 -0.0135025 0.0156906 -0.0706119 -0.0812893 0.0080845 0.0082916 0.0195161 -0.0305719 -0.0022469 -0.1223357 0.0011795 -0.0358915 -0.0332094 -0.0332841 0.0150147 -0.0498777 -0.0025654 -0.1045243 -0.2834348 -0.2867327 -0.2855081 -0.2796980 -0.2825219 -0.2799050 -0.2830215 -0.2841572 -0.2858183 -0.2871291 -0.2889800 -0.2888637 -0.2885580 -0.2897766 -0.2894505 -0.2894726 -0.2922179 -0.2891665
0.0321174 0.0288182 0.0363726 0.0317638 0.0359909 0.0362012 0.0330552 0.0372193 0.0372433 0.0354110 0.0422673 0.0391888 0.0331174 0.0391587 0.0291924 0.0260220 0.9830084 0.0444341 0.0508474 0.0651539 0.0622972 0.0471761 0.0530827 0.0623834 -0.0162399 -0.0194249 -0.0165435 -0.0129412 -0.0220816 -0.0242895 -0.0256782 -0.0287025 -0.0266391 -0.0082936 -0.0155875 -0.0195491 -0.0155604 -0.0173136 -0.0178444 -0.0185467 -0.0022880 -0.0128080 -0.0296269 -0.0151296 -0.0111359 -0.0109583 -0.0113306 -0.0389314 -0.0097594 -0.0237253 -0.0183933 -0.0089461 -0.0336305 -0.0107852 -0.0173690 -0.0204129 -0.0198300 -0.0232066 -0.0370247 -0.0205072 -0.0308097 -0.0411361 -0.0405021 -0.0271708 -0.0320834 -0.0248245 -0.0373099 -0.0378423 -0.0370211 -0.0226905 -0.0321777 -0.0206128 -0.0180911 -0.0150460 -0.0237294 -0.0227793 -0.0192794 -0.0279574 -0.0154561 -0.0203466 -0.0229523 -0.0294343 -0.0179417 -0.0229881 -0.0260473 -0.0294414 -0.0024980 -0.0238870 -0.0202760 -0.0561522 -0.0555745 -0.0380927 -0.0088725 -0.0221452 -0.0147009 0.0123512 0.0127029 0.0125810 0.0143399 0.0129010 0.0121282 0.0134682 0.0149826 0.0134963 0.0151242 0.0134195 0.0123715 0.0136329 0.0127890 0.0132870 0.0146206 0.0064407 0.0125905
0.0517069 0.0558882 0.0546216 0.0517364 0.0612419 0.0563809 0.0570317 0.0579138 0.0607616 0.0590880 0.0649837 0.0646346 0.0600622 0.0608381 0.0483628 0.0513657 0.0444341 0.9541412 0.0649918 0.0629893 0.0556968 0.0599464 0.0597191 0.0549718 0.0024748 -0.0080020 -0.0003213 -0.0042401 -0.0018654 -0.0113316 -0.0082856 -0.0110314 -0.0069942 0.0035374 -0.0099903 -0.0051623 -0.0033161 -0.0058251 -0.0025178 -0.0063009 0.0073404 -0.0121738 -0.0100264 -0.0003886 0.0067061 -0.0025419 -0.0052331 -0.0252640 -0.0206508 -0.0137954 -0.0095786 -0.0189535 -0.0222630 -0.0017036 -0.0243171 -0.0178825 -0.0221941 -0.0141311 -0.0211536 -0.0132452 -0.0205603 -0.0301637 -0.0307256 -0.0158427 -0.0230898 -0.0174029 -0.0283590 -0.0248831 -0.0344390 -0.0095318 -0.0254959 -0.0169394 -0.0172896 -0.0062675 -0.0155834 -0.0021435 -0.0158960 -0.0185426 -0.0076736 -0.0324117 -0.0381681 -0.0214985 -0.0145422 -0.0157155 -0.0253335 -0.0162336 -0.0233578 -0.0240965 -0.0267314 -0.0466092 -0.0466599 -0.0204624 -0.0149723 -0.0277826 -0.0272438 -0.0435603 -0.0462757 -0.0452736 -0.0413773 -0.0437472 -0.0432309 -0.0454930 -0.0445979 -0.0427287 -0.0421486 -0.0457765 -0.0471704 -0.0477457 -0.0466233 -0.0450095 -0.0458619 -0.0513673 -0.0443566
0.0534276 0.0586223 0.0633172 0.0557628 0.0636102 0.0629547 0.0639621 0.0686516 0.0659367 0.0619422 0.0726684 0.0694270 0.0646217 0.0668705 0.0532574 0.0547909 0.0508474 0.0649918 0.9680657 0.0656511 0.0693202 0.0674433 0.0619911 0.0615439 0.0005332 -0.0032301 0.0037162 -0.0048213 -0.0062588 -0.0131762 -0.0087752 -0.0129032 -0.0095946 0.0024663 -0.0156583 -0.0009168 -0.0065607 -0.0086101 -0.0036655 -0.0016631 0.0046375 -0.0109422 -0.0156481 -0.0050254 0.0139283 -0.0011385 -0.0082986 -0.0273255 -0.0171074 -0.0113086 -0.0122840 -0.0190465 -0.0183229 -0.0038855 -0.0192853 -0.0110266 -0.0281716 -0.0200361 -0.0250509 -0.0121428 -0.0241988 -0.0318809 -0.0313612 -0.0127251 -0.0274759 -0.0189274 -0.0295019 -0.0253037 -0.0404477 -0.0102025 -0.0331687 -0.0283476 -0.0222999 -0.0063982 -0.0195227 -0.0111710 -0.0160434 -0.0264316 -0.0146731 -0.0324084 -0.0338998 -0.0310483 -0.0137494 -0.0249914 -0.0334841 -0.0234003 -0.0274140 -0.0260412 -0.0405244 -0.0504512 -0.0521229 -0.0242666 -0.0188830 -0.0272312 -0.0375373 -0.0415725 -0.0436087 -0.0439791 -0.0408180 -0.0404895 -0.0411955 -0.0423822 -0.0408999 -0.0432473 -0.0389358 -0.0431414 -0.0452092 -0.0427729 -0.0428799 -0.0442126 -0.0421409 -0.0456343 -0.0448402
0.0480784 0.0517194 0.0499285 0.0459973 0.0566892 0.0533687 0.0557644 0.0574118 0.0617979 0.0607512 0.0640963 0.0632770 0.0581110 0.0563296 0.0425533 0.0502285 0.0651539 0.0629893 0.0656511 0.9944845 0.0632427 0.0752620 0.0816489 0.0610906 -0.0092802 -0.0147622 -0.0096346 -0.0138737 -0.0172563 -0.0237384 -0.0232812 -0.0229451 -0.0192940 -0.0045188 -0.0191400 -0.0120679 -0.0092044 -0.0180824 -0.0128312 -0.0162246 -0.0071855 -0.0197549 -0.0294951 -0.0123472 -0.0014159 -0.0152635 -0.0206291 -0.0321969 -0.0189277 -0.0171254 -0.0142055 -0.0110722 -0.0174843 -0.0111694 -0.0273890 -0.0294796 -0.0286294 -0.0189428 -0.0324100 -0.0154133 -0.0329772 -0.0414928 -0.0420220 -0.0307897 -0.0304015 -0.0277239 -0.0340598 -0.0317092 -0.0475380 -0.0157578 -0.0362258 -0.0306641 -0.0255113 -0.0026516 -0.0195476 -0.0232104 -0.0239684 -0.0316255 -0.0211000 -0.0321926 -0.0484092 -0.0367969 -0.0376445 -0.0221395 -0.0426939 -0.0294489 -0.0084901 -0.0245426 -0.0264750 -0.0516202 -0.0522366 -0.0291367 -0.0064764 -0.0467454 -0.0228342 -0.0130259 -0.0145196 -0.0131402 -0.0100547 -0.0094246 -0.0126073 -0.0139237 -0.0083493 -0.0093899 -0.0085170 -0.0101765 -0.0117390 -0.0095091 -0.0116828 -0.0090701 -0.0106817 -0.0141117 -0.0137714
0.0447426 0.0416337 0.0464033 0.0394330 0.0505403 0.0472717 0.0471262 0.0507913 0.0502943 0.0501158 0.0569020 0.0528910 0.0492856 0.0498752 0.0384466 0.0402123 0.0622972 0.0556968 0.0693202 0.0632427 1.0053834 0.0696805 0.0676132 0.0676051 -0.0176934 -0.0185440 -0.0100534 -0.0197308 -0.0234009 -0.0326370 -0.0235393 -0.0308085 -0.0296670 -0.0096480 -0.0273471 -0.0215369 -0.0269611 -0.0208693 -0.0201876 -0.0192374 -0.0041785 -0.0214379 -0.0323933 -0.0172609 -0.0074648 -0.0153054 -0.0195589 -0.0477931 -0.0164516 -0.0204326 -0.0245531 -0.0094096 -0.0263528 -0.0203005 -0.0361265 -0.0248061 -0.0317768 -0.0314148 -0.0432750 -0.0247691 -0.0397495 -0.0421582 -0.0439954 -0.0269598 -0.0381197 -0.0329318 -0.0404282 -0.0486277 -0.0475650 -0.0212412 -0.0357373 -0.0264691 -0.0254969 -0.0159805 -0.0257424 -0.0308813 -0.0238149 -0.0203109 -0.0254214 -0.0289786 -0.0332953 -0.0377859 -0.0304640 -0.0237972 -0.0376593 -0.0376948 0.0019209 -0.0286796 -0.0237816 -0.0582974 -0.0592683 -0.0290042 -0.0041057 -0.0269183 -0.0213062 0.0111372 0.0135169 0.0139693 0.0155020 0.0145963 0.0131067 0.0126666 0.0152446 0.0141299 0.0161623 0.0127244 0.0127430 0.0147927 0.0120442 0.0148432 0.0137562 0.0078040 0.0137365
0.0679638 0.0676322 0.0706768 0.0642406 0.0759145 0.0716327 0.0712898 0.0771502 0.0754346 0.0731861 0.0793950 0.0799764 0.0749676 0.0754519 0.0662376 0.0651514 0.0471761 0.0599464 0.0674433 0.0752620 0.0696805 0.9770296 0.0738571 0.0709419 -0.0018945 -0.0001415 0.0033339 0.0020380 -0.0074153 -0.0141989 -0.0078107 -0.0109225 -0.0080661 0.0046514 -0.0091737 -0.0014451 -0.0050786 -0.0032386 -0.0054706 -0.0001186 0.0043791 -0.0118015 -0.0149982 -0.0017397 0.0095209 -0.0034823 -0.0084769 -0.0265050 -0.0169448 -0.0147024 -0.0079004 -0.0080654 -0.0097963 -0.0071377 -0.0239179 -0.0199943 -0.0306319 -0.0133277 -0.0190898 -0.0093477 -0.0276237 -0.0295159 -0.0302322 -0.0190631 -0.0323924 -0.0209341 -0.0337547 -0.0255644 -0.0395351 -0.0084319 -0.0351414 -0.0254028 -0.0226832 -0.0035721 -0.0180386 -0.0126046 -0.0147484 -0.0178088 -0.0014304 -0.0385682 -0.0496056 -0.0333211 -0.0283648 -0.0138749 -0.0404482 -0.0233082 -0.0276590 -0.0255748 -0.0348263 -0.0490710 -0.0489646 -0.0251063 -0.0180580 -0.0322309 -0.0379194 -0.0565705 -0.0561794 -0.0573648 -0.0526486 -0.0542316 -0.0558001 -0.0536816 -0.0535433 -0.0553893 -0.0525183 -0.0545186 -0.0542793 -0.0528408 -0.0550705 -0.0523126 -0.0570939 -0.0586805 -0.0561753
0.0475493 0.0503921 0.0527877 0.0480431 0.0588923 0.0549258 0.0551763 0.0584405 0.0610455 0.0587467 0.0648344 0.0640773 0.0589912 0.0577866 0.0449984 0.0477736 0.0530827 0.0597191 0.0619911 0.0816489 0.0676132 0.0738571 0.9832745 0.0662967 -0.0111115 -0.0186687 -0.0129913 -0.0165685 -0.0191388 -0.0249425 -0.0178813 -0.0231180 -0.0208888 -0.0058527 -0.0217156 -0.0185615 -0.0186341 -0.0190769 -0.0179828 -0.0165633 -0.0008418 -0.0179984 -0.0272139 -0.0109058 -0.0065634 -0.0110100 -0.0192139 -0.0380673 -0.0242180 -0.0189586 -0.0144090 -0.0109356 -0.0257022 -0.0134603 -0.0317386 -0.0218323 -0.0363669 -0.0154252 -0.0319123 -0.0183425 -0.0380214 -0.0417607 -0.0410370 -0.0329899 -0.0383256 -0.0249517 -0.0404835 -0.0379687 -0.0466258 -0.0189979 -0.0427970 -0.0277033 -0.0300592 -0.0079624 -0.0269413 -0.0251628 -0.0222817 -0.0311008 -0.0168754 -0.0279171 -0.0427459 -0.0345463 -0.0304427 -0.0197974 -0.0352245 -0.0299179 -0.0131625 -0.0202755 -0.0251490 -0.0585839 -0.0586305 -0.0335477 -0.0106724 -0.0361383 -0.0216764 -0.0049300 -0.0034769 -0.0063350 0.0007392 -0.0040671 -0.0017304 -0.0029198 -0.0013424 -0.0023637 0.0003352 -0.0039309 -0.0041016 -0.0014741 -0.0020631 -0.0008372 -0.0037127 -0.0077472 -0.0004123
0.0518864 0.0473353 0.0512353 0.0492822 0.0562720 0.0531561 0.0491314 0.0518885 0.0563641 0.0573070 0.0596133 0.0580213 0.0546206 0.0565431 0.0440192 0.0475930 0.0623834 0.0549718 0.0615439 0.0610906 0.0676051 0.0709419 0.0662967 0.9692779 -0.0019714 -0.0012359 -0.0045485 -0.0029581 -0.0097789 -0.0157966 -0.0127600 -0.0114046 -0.0138981 0.0006751 -0.0168262 -0.0059050 -0.0068039 -0.0056521 -0.0043804 -0.0085934 0.0052567 -0.0119904 -0.0194101 -0.0051163 0.0050062 -0.0025105 -0.0059799 -0.0321485 -0.0199828 -0.0144863 -0.0086919 -0.0051640 -0.0208911 -0.0083481 -0.0156646 -0.0191655 -0.0241226 -0.0179317 -0.0253214 -0.0202227 -0.0223617 -0.0302048 -0.0302825 -0.0236793 -0.0297409 -0.0232868 -0.0314845 -0.0312746 -0.0322210 -0.0066007 -0.0269782 -0.0171778 -0.0176163 -0.0100960 -0.0188362 -0.0125864 -0.0123299 -0.0178282 -0.0187971 -0.0322308 -0.0443805 -0.0312647 -0.0203011 -0.0186056 -0.0270970 -0.0274643 -0.0166040 -0.0278268 -0.0330038 -0.0422312 -0.0431326 -0.0274005 -0.0145535 -0.0278302 -0.0274746 -0.0339210 -0.0325021 -0.0348514 -0.0296968 -0.0301620 -0.0310343 -0.0304547 -0.0291591 -0.0301335 -0.0301409 -0.0320494 -0.0302802 -0.0339985 -0.0324020 -0.0306859 -0.0323801 -0.0357912 -0.0322374
0.0708111 0.0722226 0.0705576 0.0719234 0.0724768 0.0736914 0.0734237 0.0731202 0.0730277 0.0695834 0.0667659 0.0675273 0.0694082 0.0709589 0.0710838 0.0741618 -0.0162399 0.0024748 0.0005332 -0.0092802 -0.0176934 -0.0018945 -0.0111115 -0.0019714 0.8480688 0.0757112 0.0786858 0.0882898 0.1002840 0.1114804 0.1130798 0.0930631 0.0835154 0.0576405 0.0668569 0.0825419 0.0716114 0.0709537 0.0724927 0.0781408 0.0533588 0.0564655 0.0705657 0.0560597 0.0627332 0.0684795 0.0563095 0.0582602 -0.0021746 0.0418720 0.0280153 0.0182158 0.0302524 0.0388052 0.0372282 0.0237766 0.0232308 0.0246839 0.0636626 0.0357723 0.0627111 0.0537767 0.0538445 0.0569004 0.0470304 0.0554701 0.0404569 0.0596923 0.0467320 0.0666164 0.0420096 0.0160450 0.0162762 0.0389406 0.0382930 0.0412632 0.0252476 0.0096024 0.0221827 -0.0387350 -0.0523256 0.0328654 0.0335691 0.0417129 -0.0070052 0.0197122 -0.1115707 0.0260817 -0.0105583 0.0120930 0.0110669 0.0378200 -0.0655711 0.0255020 -0.0837812 -0.2619247 -0.2676810 -0.2626584 -0.2626092 -0.2614458 -0.2611385 -0.2604729 -0.2654521 -0.2651078 -0.2700502 -0.2687543 -0.2686777 -0.2713316 -0.2714720 -0.2719203 -0.2684125 -0.2719527 -0.2703860
0.0658675 0.0672541 0.0662393 0.0649748 0.0646456 0.0678449 0.0679716 0.0686195 0.0639500 0.0630226 0.0599969 0.0599662 0.0632012 0.0585296 0.0676942 0.0716178 -0.0194249 -0.0080020 -0.0032301 -0.0147622 -0.0185440 -0.0001415 -0.0186687 -0.0012359 0.0757112 0.8552741 0.1085404 0.0659684 0.0811103 0.0747725 0.0846021 0.0760534 0.0845354 0.0573953 0.0642271 0.0831954 0.0689038 0.0704198 0.0733810 0.0778069 0.0522921 0.0601478 0.0669690 0.0518383 0.0557161 0.0696266 0.0585081 0.0596896 0.0028683 0.0503773 0.0335713 0.0175429 0.0417128 0.0449427 0.0508994 0.0188517 0.0258125 0.0290964 0.0664816 0.0394677 0.0763845 0.0628666 0.0622973 0.0564770 0.0488557 0.0538573 0.0377957 0.0600164 0.0423331 0.0654392 0.0404476 0.0168345 0.0238818 0.0431242 0.0451843 0.0355909 0.0291898 0.0077218 0.0293995 -0.0326711 -0.0445160 0.0399581 0.0306195 0.0445720 0.0026018 0.0297594 -0.1174724 0.0270846 -0.0101881 0.0158126 0.0164755 0.0413054 -0.0589443 0.0242309 -0.0762320 -0.2544475 -0.2614870 -0.2586806 -0.2552436 -0.2569376 -0.2547911 -0.2585616 -0.2599085 -0.2599258 -0.2642239 -0.2629500 -0.2639123 -0.2639618 -0.2628504 -0.2674624 -0.2643661 -0.2643864 -0.2649678
0.0703470 0.0735680 0.0748637 0.0725265 0.0737215 0.0739513 0.0750923 0.0740212 0.0724674 0.0692724 0.0681161 0.0699989 0.0740087 0.0684186 0.0758308 0.0769173 -0.0165435 -0.0003213 0.0037162 -0.0096346 -0.0100534 0.0033339 -0.0129913 -0.0045485 0.0786858 0.1085404 0.8513012 0.0719756 0.0768287 0.0832064 0.0825905 0.0810982 0.0802173 0.0573491 0.0645614 0.0772898 0.0732746 0.0687287 0.0731507 0.0772049 0.0543776 0.0590255 0.0691280 0.0567776 0.0586716 0.0662141 0.0597559 0.0585082 -0.0012987 0.0462701 0.0262638 0.0203692 0.0344230 0.0369967 0.0422980 0.0166202 0.0224602 0.0307892 0.0635196 0.0434332 0.0699748 0.0594837 0.0587384 0.0612013 0.0521933 0.0497070 0.0393806 0.0584854 0.0423835 0.0679989 0.0460887 0.0159199 0.0151197 0.0419492 0.0438719 0.0393310 0.0247909 0.0060336 0.0269254 -0.0453191 -0.0509818 0.0381414 0.0309664 0.0392210 0.0025744 0.0237783 -0.1107757 0.0228760 -0.0111073 0.0099298 0.0096147 0.0372583 -0.0603213 0.0279096 -0.0766105 -0.2609421 -0.2667027 -0.2630092 -0.2594044 -0.2617244 -0.2587884 -0.2615168 -0.2625640 -0.2645306 -0.2674183 -0.2666928 -0.2689016 -0.2684554 -0.2687018 -0.2701347 -0.2675187 -0.2698722 -0.2685890
0.0556248 0.0586303 0.0621219 0.0614637 0.0584561 0.0594530 0.0619862 0.0604490 0.0607063 0.0595680 0.0578785 0.0580627 0.0592343 0.0593647 0.0620869 0.0621840 -0.0129412 -0.0042401 -0.0048213 -0.0138737 -0.0197308 0.0020380 -0.0165685 -0.0029581 0.0882898 0.0659684 0.0719756 0.8605304 0.1008417 0.0845480 0.0840543 0.0925468 0.0667859 0.0526046 0.0571045 0.0744253 0.0689530 0.0651782 0.0672475 0.0606282 0.0563007 0.0571287 0.0664434 0.0506830 0.0529613 0.0686874 0.0649678 0.0593385 -0.0033407 0.0398730 0.0341526 0.0191604 0.0375120 0.0446104 0.0406113 0.0134584 0.0247391 0.0236898 0.0615269 0.0315006 0.0649647 0.0574148 0.0579965 0.0535052 0.0448520 0.0484163 0.0312246 0.0597570 0.0422952 0.0635388 0.0364814 0.0191237 0.0263300 0.0338439 0.0372569 0.0339518 0.0227971 0.0051825 0.0202330 -0.0372401 -0.0438035 0.0327120 0.0295697 0.0366361 -0.0024895 0.0214956 -0.1028550 0.0228860 -0.0173223 0.0118784 0.0120419 0.0290545 -0.0636027 0.0219006 -0.0746056 -0.2386650 -0.2438817 -0.2425584 -0.2376000 -0.2373364 -0.2364980 -0.2389947 -0.2416300 -0.2436567 -0.2485105 -0.2448695 -0.2461508 -0.2472229 -0.2453829 -0.2488719 -0.2456017 -0.2485452 -0.2485864
0.0591637 0.0621148 0.0608417 0.0615911 0.0595857 0.0623308 0.0620690 0.0610581 0.0605605 0.0584581 0.0581509 0.0576467 0.0604242 0.0603613 0.0638961 0.0660544 -0.0220816 -0.0018654 -0.0062588 -0.0172563 -0.0234009 -0.0074153 -0.0191388 -0.0097789 0.1002840 0.0811103 0.0768287 0.1008417 0.8558260 0.0951323 0.0911367 0.1013772 0.0737156 0.0556033 0.0606156 0.0752907 0.0668869 0.0702048 0.0724291 0.0690328 0.0533303 0.0502316 0.0667350 0.0526580 0.0529323 0.0641912 0.0547068 0.0601024 0.0103622 0.0427090 0.0334686 0.0101814 0.0389466 0.0441556 0.0433985 0.0185366 0.0247111 0.0312657 0.0645994 0.0355618 0.0726172 0.0624021 0.0621218 0.0597391 0.0478409 0.0544360 0.0393636 0.0593373 0.0428891 0.0657723 0.0411032 0.0198777 0.0209363 0.0407018 0.0406501 0.0354686 0.0256066 0.0074356 0.0276695 -0.0344395 -0.0421395 0.0384625 0.0278955 0.0411706 -0.0015491 0.0186923 -0.1087953 0.0207142 -0.0105258 0.0179238 0.0186026 0.0347764 -0.0628760 0.0240270 -0.0752296 -0.2464170 -0.2539089 -0.2506288 -0.2487123 -0.2488026 -0.2472764 -0.2493877 -0.2528971 -0.2529662 -0.2561351 -0.2569013 -0.2555338 -0.2573287 -0.2570374 -0.2585133 -0.2570829 -0.2579150 -0.2580680
0.0564864 0.0594301 0.0604112 0.0588297 0.0569940 0.0604955 0.0622686 0.0584788 0.0585158 0.0545008 0.0524167 0.0524998 0.0564243 0.0536905 0.0616890 0.0626468 -0.0242895 -0.0113316 -0.0131762 -0.0237384 -0.0326370 -0.0141989 -0.0249425 -0.0157966 0.1114804 0.0747725 0.0832064 0.0845480 0.0951323 0.8558559 0.1135048 0.0925596 0.0754550 0.0582322 0.0676627 0.0798924 0.0743331 0.0814014 0.0726563 0.0774537 0.0524588 0.0601171 0.0774333 0.0573199 0.0613119 0.0685325 0.0617674 0.0741322 0.0045152 0.0442344 0.0304525 0.0203378 0.0398672 0.0422660 0.0534256 0.0206269 0.0246876 0.0301005 0.0671952 0.0370349 0.0774630 0.0683874 0.0694834 0.0652779 0.0513464 0.0581404 0.0447094 0.0746156 0.0539609 0.0738074 0.0484300 0.0194200 0.0266666 0.0382767 0.0392425 0.0488657 0.0253024 0.0121041 0.0285568 -0.0360639 -0.0418554 0.0448317 0.0363622 0.0430092 0.0038620 0.0293556 -0.1137381 0.0289661 -0.0101232 0.0228437 0.0230122 0.0407293 -0.0620422 0.0294538 -0.0785578 -0.2582116 -0.2661434 -0.2614932 -0.2600945 -0.2600186 -0.2580603 -0.2596968 -0.2627347 -0.2629240 -0.2677856 -0.2668751 -0.2671138 -0.2668642 -0.2689998 -0.2684839 -0.2680168 -0.2692953 -0.2690985
0.0674595 0.0696096 0.0717158 0.0683439 0.0697901 0.0667703 0.0702844 0.0692247 0.0669696 0.0640199 0.0633746 0.0630809 0.0661439 0.0627142 0.0720352 0.0733998 -0.0256782 -0.0082856 -0.0087752 -0.0232812 -0.0235393 -0.0078107 -0.0178813 -0.0127600 0.1130798 0.0846021 0.0825905 0.0840543 0.0911367 0.1135048 0.8538132 0.0941824 0.0860656 0.0624489 0.0705884 0.0889838 0.0799623 0.0829472 0.0827290 0.0835005 0.0609490 0.0624222 0.0800639 0.0598352 0.0643573 0.0795140 0.0638684 0.0735358 -0.0033824 0.0543966 0.0353684 0.0277178 0.0439581 0.0454248 0.0546859 0.0249428 0.0237269 0.0298669 0.0798227 0.0401673 0.0755262 0.0663165 0.0665359 0.0599045 0.0550164 0.0593123 0.0465599 0.0740997 0.0522547 0.0806397 0.0476397 0.0171841 0.0250492 0.0467535 0.0477875 0.0423552 0.0287141 0.0098199 0.0288467 -0.0382083 -0.0494296 0.0419921 0.0358425 0.0474123 -0.0010117 0.0273996 -0.1174890 0.0307190 -0.0098745 0.0231341 0.0233854 0.0435462 -0.0706061 0.0390932 -0.0857651 -0.2779064 -0.2844775 -0.2786254 -0.2784644 -0.2780188 -0.2757280 -0.2789208 -0.2810695 -0.2828262 -0.2857476 -0.2855620 -0.2853404 -0.2858090 -0.2868683 -0.2866953 -0.2871463 -0.2871120 -0.2863145
0.0558238 0.0605372 0.0584044 0.0585996 0.0571966 0.0567290 0.0602037 0.0589928 0.0591959 0.0554823 0.0518130 0.0538913 0.0571336 0.0550494 0.0591523 0.0649862 -0.0287025 -0.0110314 -0.0129032 -0.0229451 -0.0308085 -0.0109225 -0.0231180 -0.0114046 0.0930631 0.0760534 0.0810982 0.0925468 0.1013772 0.0925596 0.0941824 0.8536161 0.0800675 0.0554016 0.0594626 0.0816073 0.0710947 0.0696874 0.0743564 0.0684363 0.0497344 0.0565835 0.0679321 0.0522816 0.0547455 0.0684939 0.0594837 0.0621959 0.0000192 0.0467883 0.0291098 0.0226706 0.0341586 0.0461853 0.0481931 0.0236423 0.0250635 0.0324690 0.0626148 0.0412465 0.0710934 0.0675123 0.0677752 0.0560556 0.0479190 0.0528266 0.0462254 0.0625041 0.0479960 0.0689831 0.0514239 0.0207946 0.0242130 0.0356733 0.0381934 0.0441185 0.0290601 0.0103928 0.0240894 -0.0324528 -0.0410345 0.0392310 0.0293878 0.0404001 0.0024386 0.0241987 -0.1051118 0.0223440 -0.0063421 0.0111893 0.0121002 0.0357167 -0.0570751 0.0359497 -0.0737204 -0.2487549 -0.2540562 -0.2496788 -0.2487479 -0.2475325 -0.2472279 -0.2490563 -0.2517131 -0.2523259 -0.2554746 -0.2551771 -0.2568620 -0.2575026 -0.2582170 -0.2587374 -0.2575782 -0.2581704 -0.2570209
0.0679556 0.0676138 0.0699648 0.0691249 0.0677181 0.0706777 0.0717879 0.0715983 0.0686081 0.0671110 0.0631344 0.0647838 0.0692076 0.0634323 0.0718872 0.0782455 -0.0266391 -0.0069942 -0.0095946 -0.0192940 -0.0296670 -0.0080661 -0.0208888 -0.0138981 0.0835154 0.0845354 0.0802173 0.0667859 0.0737156 0.0754550 0.0860656 0.0800675 0.8530276 0.0629228 0.0777374 0.0964101 0.0775012 0.0875085 0.0910265 0.0897675 0.0593176 0.0683590 0.0819053 0.0630063 0.0659180 0.0707351 0.0621279 0.0772475 0.0042067 0.0609145 0.0388458 0.0216200 0.0451942 0.0471697 0.0530643 0.0256899 0.0295150 0.0333216 0.0802627 0.0417915 0.0793051 0.0710253 0.0700006 0.0672612 0.0591901 0.0631884 0.0512817 0.0758708 0.0529695 0.0753542 0.0504781 0.0227700 0.0234212 0.0518926 0.0486026 0.0444032 0.0338252 0.0138127 0.0308865 -0.0352654 -0.0442094 0.0433046 0.0361362 0.0471763 0.0040166 0.0354702 -0.1213686 0.0358247 -0.0054247 0.0218557 0.0218642 0.0440018 -0.0683849 0.0279107 -0.0739954 -0.2818905 -0.2846973 -0.2831023 -0.2821510 -0.2812761 -0.2792333 -0.2810641 -0.2850257 -0.2855247 -0.2904764 -0.2889546 -0.2898579 -0.2898709 -0.2908824 -0.2913723 -0.2888228 -0.2894113 -0.2905817
0.0545105 0.0564399 0.0567604 0.0553286 0.0558692 0.0555944 0.0578358 0.0573372 0.0559428 0.0540261 0.0526482 0.0537794 0.0553702 0.0540896 0.0568161 0.0570680 -0.0082936 0.0035374 0.0024663 -0.0045188 -0.0096480 0.0046514 -0.0058527 0.0006751 0.0576405 0.0573953 0.0573491 0.0526046 0.0556033 0.0582322 0.0624489 0.0554016 0.0629228 0.9238117 0.0514851 0.0619649 0.0553638 0.0557170 0.0585320 0.0577017 0.0441385 0.0461435 0.0548346 0.0432048 0.0467264 0.0524897 0.0466788 0.0516363 0.0043154 0.0396975 0.0287498 0.0162850 0.0319791 0.0326885 0.0375208 0.0174940 0.0206368 0.0233769 0.0533308 0.0315140 0.0559018 0.0497070 0.0495594 0.0450117 0.0398369 0.0435295 0.0338612 0.0524074 0.0358972 0.0521603 0.0353485 0.0159054 0.0186670 0.0357546 0.0352374 0.0316449 0.0242340 0.0104100 0.0243474 -0.0270063 -0.0317957 0.0301902 0.0261062 0.0343651 0.0033512 0.0218351 -0.0809354 0.0232456 -0.0048758 0.0181926 0.0178516 0.0317238 -0.0443151 0.0230174 -0.0555287 -0.1944018 -0.1984735 -0.1959460 -0.1948853 -0.1944456 -0.1923016 -0.1944363 -0.1966644 -0.1978869 -0.2014137 -0.2001252 -0.2015510 -0.2011217 -0.2021658 -0.2029829 -0.2016685 -0.2031392 -0.2021035
