0.1436304 0.0276655 0.7930799 0.0000996 0.0355247
0.1382295 0.0170810 0.8072771 0.0000993 0.0373131
0.1222003 0.0110199 0.8445454 0.0000994 0.0221349
0.1591904 0.0325072 0.7638419 0.0000993 0.0443612
0.0902054 0.0130253 0.8737617 0.0000996 0.0229080
0.1275850 0.0000996 0.8569949 0.0000996 0.0152208
0.1085749 0.0119798 0.8725681 0.0000993 0.0067779
0.1144505 0.0070698 0.8778899 0.0000994 0.0004904
0.1263866 0.0000996 0.8730158 0.0000996 0.0003983
0.1107987 0.0018565 0.8823828 0.0000999 0.0048621
0.0859044 0.0099397 0.9010050 0.0030510 0.0001000
0.0852403 0.0001000 0.9144598 0.0001000 0.0001000
0.1069435 0.0000997 0.8817247 0.0000997 0.0111325
0.1045409 0.0111570 0.8820383 0.0000998 0.0021640
0.2164904 0.0118515 0.7328173 0.0000992 0.0387416
0.2128657 0.0000992 0.7440383 0.0000992 0.0428977
0.1973356 0.0001000 0.5641065 0.2383578 0.0001000
0.0994564 0.0406722 0.6726581 0.1871132 0.0001000
0.0249404 0.0529912 0.7313897 0.1905788 0.0001000
0.0000997 0.1110608 0.6749365 0.1996861 0.0142169
0.0243763 0.0073922 0.7207116 0.2474198 0.0001000
0.0000997 0.1194438 0.6913974 0.1594652 0.0295939
0.0000999 0.0330001 0.7185426 0.2249807 0.0233767
0.0060899 0.0681155 0.7004551 0.1991294 0.0262100
0.6680463 0.0020165 0.2367414 0.0000990 0.0930967
0.5594812 0.0331953 0.2097065 0.0000987 0.1975182
0.5870252 0.0098664 0.2494743 0.0000989 0.1535352
0.5954481 0.0000999 0.1974492 0.0000999 0.2069029
0.6126629 0.0130668 0.1847119 0.0000992 0.1894591
0.6932983 0.0139702 0.1320145 0.0000988 0.1606182
0.6620980 0.0264811 0.1719476 0.0000979 0.1393753
0.6970145 0.0000994 0.1198319 0.0000994 0.1829549
0.5789658 0.0721115 0.1793807 0.0000973 0.1694448
0.4589652 0.1193311 0.2706713 0.0191437 0.1318886
0.6182538 0.0648769 0.1691868 0.0000997 0.1475828
0.5818544 0.0327110 0.2139048 0.0000978 0.1714319
0.5597908 0.0635777 0.2026516 0.0000987 0.1738812
0.5439560 0.1136458 0.2016313 0.0000984 0.1406684
0.5199979 0.0889538 0.2316594 0.0000979 0.1592910
0.5538477 0.0790781 0.2168500 0.0000983 0.1501260
0.5176175 0.0001000 0.2840336 0.0301084 0.1681405
0.5619463 0.0001000 0.1612602 0.0214346 0.2552587
0.5710558 0.1442619 0.1274806 0.0000984 0.1571033
0.5909642 0.0899495 0.2496063 0.0215938 0.0478862
0.4733623 0.0831057 0.3317744 0.0087918 0.1029658
0.5919585 0.0000999 0.2143781 0.0000999 0.1934635
0.6179907 0.0001000 0.1860580 0.0217825 0.1740688
0.3794970 0.3434451 0.0314931 0.0000978 0.2454670
0.5532133 0.1650810 0.1116157 0.1684775 0.0016124
0.4801932 0.2023235 0.1681023 0.0208126 0.1285684
0.3329029 0.1894185 0.1627362 0.0694892 0.2454532
0.5640807 0.0001001 0.1626671 0.1395257 0.1336265
0.3047406 0.2829896 0.1163567 0.0420015 0.2539116
0.6165034 0.0007471 0.1955499 0.0751078 0.1120918
0.6773032 0.0739938 0.0693652 0.0454474 0.1338904
0.6008874 0.1201707 0.1567551 0.1220731 0.0001137
0.5146371 0.0765683 0.0461715 0.1156342 0.2469889
0.4605209 0.0800870 0.1191384 0.1023838 0.2378699
0.1799228 0.0875480 0.0401731 0.0000993 0.6922568
0.4262396 0.0359871 0.1214052 0.0738564 0.3425118
0.0893545 0.0068640 0.0253183 0.0007556 0.8777076
0.0000998 0.0000998 0.0000998 0.0213516 0.9783489
0.0000998 0.0000998 0.0000998 0.0230259 0.9766746
0.5097732 0.2409548 0.1160404 0.0000998 0.1331319
0.6108306 0.2336112 0.0433300 0.0177559 0.0944722
0.8682984 0.0168896 0.0802240 0.0344881 0.0001000
0.8697137 0.0659432 0.0001001 0.0641430 0.0001001
0.3842490 0.3399490 0.0360563 0.0000977 0.2396479
0.9269270 0.0121597 0.0001001 0.0607131 0.0001001
0.6249690 0.0673501 0.1739357 0.0000995 0.1336457
0.9089355 0.0270357 0.0001000 0.0638287 0.0001000
0.7509804 0.0001001 0.0229890 0.1425027 0.0834278
0.5988540 0.0934637 0.0771478 0.1195233 0.1110112
0.4851746 0.1193736 0.1977274 0.0481724 0.1495520
0.4971412 0.1280533 0.0961898 0.0500873 0.2285284
0.5352879 0.0001001 0.1302495 0.0803250 0.2540374
0.5126426 0.0058288 0.1105645 0.1082061 0.2627580
0.3945493 0.2477582 0.0786013 0.1346485 0.1444428
0.4551543 0.1020657 0.1475737 0.0965706 0.1986357
0.6270363 0.0672001 0.0001002 0.3055633 0.0001002
0.6599130 0.0113206 0.0001002 0.3285660 0.0001002
0.7540731 0.0001001 0.0001001 0.0866206 0.1591061
0.7658619 0.0691691 0.0580251 0.0948739 0.0120700
0.5387605 0.0526260 0.0833635 0.0622759 0.2629741
0.7594620 0.0565351 0.0001001 0.1838026 0.0001001
0.6871526 0.0654827 0.0149457 0.1116342 0.1207848
0.3408805 0.0001000 0.0858923 0.5345563 0.0385709
0.5846134 0.1478562 0.0410058 0.0970156 0.1295089
0.5879741 0.1491641 0.0183644 0.2095494 0.0349480
0.0001000 0.9849899 0.0001000 0.0147103 0.0001000
0.0001000 0.9834470 0.0001000 0.0162531 0.0001000
0.6487398 0.2218782 0.0631824 0.0520805 0.0141192
0.4211622 0.0001000 0.1430084 0.3869052 0.0488241
0.8500487 0.0414989 0.0001001 0.1082523 0.0001001
0.4029688 0.1359260 0.0060997 0.4139139 0.0410916
0.0136260 0.0034693 0.0001000 0.9827046 0.0001000
0.0012255 0.0011262 0.0001000 0.9944264 0.0031218
0.0145841 0.0001000 0.0001000 0.9851158 0.0001000
0.0159351 0.0001000 0.0001000 0.9837649 0.0001000
0.0092841 0.0099561 0.0001000 0.9805597 0.0001000
0.0232155 0.0001000 0.0001000 0.9764844 0.0001000
0.0113097 0.0056224 0.0001000 0.9828678 0.0001000
0.0075211 0.0023550 0.0001000 0.9899239 0.0001000
0.0078929 0.0001000 0.0001000 0.9918070 0.0001000
0.0000999 0.0000999 0.0000999 0.9981593 0.0015408
0.0001000 0.0001000 0.0001000 0.9967716 0.0029284
0.0001000 0.0002050 0.0001000 0.9994538 0.0001412
0.0001000 0.0001000 0.0001000 0.9978448 0.0018553
0.0001000 0.0001432 0.0001000 0.9995568 0.0001000
0.0000999 0.0000999 0.0000999 0.9985273 0.0011729
0.0000999 0.0000999 0.0000999 0.9977837 0.0019165
0.0000999 0.0013663 0.0000999 0.9983338 0.0000999
0.0000999 0.0000999 0.0000999 0.9980528 0.0016473
